amplicon	amplicon_start	amplicon_end	ampInsert_start	ampInsert_end	rev_primer	amplicon_length	ampInsert_length	fwd_primer
Pf3D7_02_v3-320652-320949	320652	320949	320676	320924	CCAACTTTAGCTCAAGAAACACAAC	297	248	TTCTTTTTGGTGTTACGGGAGATG
Pf3D7_03_v3-240957-241256	240957	241256	240990	241224	ATGTCTGATTACAGAAGAATAAAAATGAAGAA	299	234	AGGATACAATATATGATAAACCAAATCATCAGC
Pf3D7_05_v3-615379-615678	615379	615678	615412	615646	AAAAATTAATAGACACCTTGGTTTGACTTTAC	299	234	CCAGAAACAATGTCCATATTAAGTTTTGTATTA
Pf3D7_06_v3-857454-857753	857454	857753	857487	857720	AGTTCTCTTGTTCTAATTTTGTAGACATATTTT	299	233	TTTTTGATGATGTCTTCCAAATTAAACGTAAAA
Pf3D7_08_v3-1365750-1365999	1365750	1365999	1365783	1365968	CACAAATCGAAGTTACATTTGATATTGATGC	249	185	TCTTGTAATGTGTTTTTAACATTATAGCAGTAA
Pf3D7_08_v3-1366575-1366822	1366575	1366822	1366600	1366795	GATTTAGGAGGAGGAACATTTGATGTT	247	195	GCTTGTGCGGATGATGATAATACAC
Pf3D7_08_v3-1370814-1371045	1370814	1371045	1370847	1371012	GGTTGCTACAATATAGACAAAAAGAAATTAGTT	231	165	CCAAATAATATTTTGTGCAAATTCATTTTCTCA
Pf3D7_08_v3-1375205-1375450	1375205	1375450	1375238	1375418	TTTCACTTCATGTATTTATGTATGCAGAACTT	245	180	TTTCTATTTGCAATTAAAATGCTTACGTTATCT
Pf3D7_08_v3-1386786-1387035	1386786	1387035	1386817	1387005	GGTGTTCCATTGAAATCAATTATTAATGCA	249	188	TTTTTCTAACATAAGCGTGTTAGTAGTTTCA
Pf3D7_11_v3-1902041-1902278	1902041	1902278	1902071	1902253	CTGCCCAAATACCCCAATAGTTATT	237	182	ACATATGTCTCTTCATTTATCAGACCTGAT
Pf3D7_11_v3-1950431-1950680	1950431	1950680	1950460	1950650	CAAAAATTGATCTTCTGTGTCATCTCTACT	249	190	CGCATGGAATAGAAGTTTAGCTGATTATA
Pf3D7_11_v3-1968050-1968296	1968050	1968296	1968083	1968268	ATATTGAATGAGACATTTTCTTCGCACT	246	185	CACATGTTAATAATATTAAGGAAAAGGCAATAG
Pf3D7_11_v3-2001725-2001999	2001725	2001999	2001758	2001969	ATCATCAACTTCTTTCCTATGTGATGTTTT	274	211	AAAAAGTTCCTAAAGAATCTAAAAATACCAGAA
Pf3D7_13_v3-2770591-2770863	2770591	2770863	2770623	2770830	ATTAATACATTTTTCAATTATCGAGGGTAAACT	272	207	AAATATTTAGAAAACAATTTGAAAAGTGTGGC
Pf3D7_13_v3-2814583-2814832	2814583	2814832	2814616	2814807	CCTTGATTAGAGTCCTCATTTGCAT	249	191	CTATACCAATTACTCATATAGAAGCTGAAAAGG
Pf3D7_13_v3-2840447-2840746	2840447	2840746	2840474	2840721	CGCATCACTTACACCATTAAATCCA	299	247	ACAAAGACAGTAGAAAAATCGCTATCC
Pf3D7_13_v3-2841390-2841688	2841390	2841688	2841411	2841661	AAAAATAAAATATTATCCGCTGCCGTT	298	250	ACCTGCATGTGCTTGACTTTC
Pf3D7_13_v3-2844334-2844629	2844334	2844629	2844355	2844599	AACCTTATGAGACCCTCCTTTATATTTATC	295	244	ATGCTAGGTGTATACGCACAG
Pf3D7_03_v3-221295-221532	221295	221532	221328	221511	ACTGAATGGTCCCCATGTAGT	237	183	ACAACTCAAACTAAGATGTGTTCTTTATCTAAT
Pf3D7_03_v3-980853-981120	980853	981120	980886	981092	CTGCTCTAGAAATTCAGAGTGTACATTT	267	206	ATTACCTGCTGTTGGATAATCATAATAAAATAC
Pf3D7_04_v3-1083299-1083563	1083299	1083563	1083332	1083530	TGTGAAAAATAATGAAGACTATAAAAATGTGGA	264	198	TTCATTTATTTTCTTAATAAAAGCATCTACAGC
Pf3D7_04_v3-748585-748822	748585	748822	748618	748789	TTTTTCTTCTCCTTTTATACAATTTTGTTCATT	237	171	TTCCGTTGTTTATCAAGAATTTTTAGAAAAGAA
Pf3D7_07_v3-403487-403750	403487	403750	403508	403717	TTCCCTTTTTATTTCCAAATAAGGAATAAACAA	263	209	CAGATGGCTCACGTTTAGGTG
Pf3D7_07_v3-405517-405773	405517	405773	405550	405743	AAAATATGATACGTTGTACCATCATAAACA	256	193	TCATTTTCTATGCTTTTTATAGATTATCGACAA
Pf3D7_08_v3-550057-550318	550057	550318	550090	550294	ATCCAATTGTGTGATTTGTCCACA	261	204	TTCTTGTATTAAATGGAATACCTCGTTATAGGA
Pf3D7_12_v3-2092654-2092884	2092654	2092884	2092683	2092852	ATCCCATATATTAACAGAAGAATCAAAAGAGG	230	169	CTTGATTTGTCATTTAACCCGTGTTATAG
Pf3D7_13_v3-1725124-1725365	1725124	1725365	1725152	1725336	GGATATGATGGCTCTTCTATTATACCGAA	241	184	CCTGAACTTCTAGCTTCTAATAAGGCAT
Pf3D7_13_v3-1725379-1725652	1725379	1725652	1725404	1725620	GTGGATTTGATGGTGTAGAATATTTAAATTCG	273	216	ATTCTACCATTTGACGTAACACCAC
Pf3D7_13_v3-1725887-1726123	1725887	1726123	1725916	1726094	AAAAAGAAAAAGAAGAACATAGGAAACGA	236	178	GTTGTGTTAAGGTATGTCTAGATGTTTCA
Pf3D7_13_v3-1726174-1726408	1726174	1726408	1726207	1726375	ATGATACTTATGAAAAGAAAATTATTGAAACGG	234	168	TCATGTAATTTCTGTTCTTCAATATTTTTACGG
Pf3D7_14_v3-294503-294768	294503	294768	294535	294741	TATTTTCTCATGAATGGGTCACCTAGA	265	206	ACTGTACCAACTGACTTTTTAAATAAAATGTT
