amplicon	amplicon_start	amplicon_end	ampInsert_start	ampInsert_end	rev_primer	amplicon_length	ampInsert_length	fwd_primer	amplicon_new
PKNH_12_v2-198869-199113	198869	199113	198894	199083	ATAAAATGGTGCTTCTGAAAAGATACATCA	244	189	CTCCAATAAAGTGGAACAGACAAGA	PKNH_12_v2-198869-199113
Pf3D7_13_v3-1041593-1041860	1041593	1041860	1041625	1041829	GGTGATGCATGTAAGTTTACAATTTCTAATG	267	204	AGATTATTGGTTTAGGTGGTGTATTAGATACA	Pf3D7_13_v3-1041593-1041860
PmUG01_12_v1-1397996-1398245	1397996	1398245	1398021	1398213	ATCACAAAAATTAAATGTTTGTCCAAGAGATG	249	192	CATTTCAATAATAGCAGCAGCTGGA	PmUG01_12_v1-1397996-1398245
PocGH01_12_v1-1106456-1106697	1106456	1106697	1106483	1106671	CATGGCAATAAAATGGTTGTGTTGAA	241	188	GTGGAGCATATCAAAACCTTTTTCAAA	PocGH01_12_v1-1106456-1106697
PvP01_12_v1-1184983-1185208	1184983	1185208	1185008	1185184	AGGTACATCACAGTTGGAGGTATC	225	176	CCTCTAGTAGAGTGGAACAAACAAG	PvP01_12_v1-1184983-1185208
Pf3D7_08_v3-1365709-1365954	1365709	1365954	1365742	1365924	ATGTAACAGCATTAGATAAAGGTACTGGTA	245	182	TTTCTGAATCATCTTTTGGTATTTTTGTTTTCA	Pf3D7_08_v3-1365709-1365954
Pf3D7_08_v3-1366626-1366856	1366626	1366856	1366659	1366823	AAAAGGAAAAGGTGAACAAAATATTCTTATTTT	230	164	AATCTTCTTAATGATTTTGAATTTTTGGAAACA	Pf3D7_08_v3-1366626-1366856
Pf3D7_08_v3-1370603-1370853	1370603	1370853	1370633	1370825	GCAACAATGAGAAAATGAATTTGCACAA	250	192	AAATCTGGAATAGGAACAAAGTGATTATGG	Pf3D7_08_v3-1370603-1370853
Pf3D7_08_v3-1375025-1375284	1375025	1375284	1375057	1375259	AAAAATAAAGTATTATCCGCTGCCG	259	202	ATTTAAATTAAGTCCTTTTGCATTTTTGCTAC	Pf3D7_08_v3-1375025-1375284
Pf3D7_08_v3-1386795-1387043	1386795	1387043	1386822	1387013	CTTTGAATGGTGTTCCATTGAAATCAATTA	248	191	CATAAGCGTGTTAGTAGTTTCAGTTGT	Pf3D7_08_v3-1386795-1387043
Pf3D7_11_v3-1294284-1294580	1294284	1294580	1294306	1294547	TCATCATAAACAGCTGGATATTTATAATTTGAA	296	241	ACTTCCATCAGGGAAATGTCCA	Pf3D7_11_v3-1294284-1294580
Pf3D7_11_v3-1902034-1902278	1902034	1902278	1902065	1902257	CTGCCCAAATACCCCAATAGT	244	192	AGATTGGACATATGTCTCTTCATTTATCAGA	Pf3D7_11_v3-1902034-1902278
Pf3D7_11_v3-1950401-1950636	1950401	1950636	1950427	1950606	GAGATTTACAAACGTCTAAACCATTTTCAC	235	179	GCATGATGAGAGTTGTGATGAATTCT	Pf3D7_11_v3-1950401-1950636
Pf3D7_11_v3-1968031-1968273	1968031	1968273	1968064	1968242	GCACTTTATATTGTCTTTTAGTTCTGGTTTT	242	178	CGTATTGTAGAAGATACTTCACATGTTAATAAT	Pf3D7_11_v3-1968031-1968273
Pf3D7_11_v3-2001721-2001954	2001721	2001954	2001754	2001929	AAAAACACCTTCCTTCATATGATCC	233	175	CAGGAAAAAGTTCCTAAAGAATCTAAAAATACC	Pf3D7_11_v3-2001721-2001954
Pf3D7_11_v3-2001969-2002222	2001969	2002222	2001999	2002198	CTTCTTCATCTCCTGGATTCTTGT	253	199	AAAAACATCACATAGGAAAGAAGTTGATGA	Pf3D7_11_v3-2001969-2002222
Pf3D7_13_v3-1465010-1465307	1465010	1465307	1465036	1465280	TGGATAATGAAAGGAAACAAAGTGACC	297	244	GCTCCTGGTACTACGAATTTATAAGC	Pf3D7_13_v3-1465010-1465307
Pf3D7_13_v3-2770621-2770854	2770621	2770854	2770649	2770821	TTTTTCAATTATCGAGGGTAAACTTATTAGATT	233	172	GCAACACATCGATTTTATCAAAAGGAAA	Pf3D7_13_v3-2770621-2770854
Pf3D7_13_v3-2780346-2780575	2780346	2780575	2780367	2780542	GTATTTCTGAAGGACTATATATGGAACAATTCA	229	175	AAAAATGAGGGCCGGTAGTTC	Pf3D7_13_v3-2780346-2780575
Pf3D7_13_v3-2814606-2814855	2814606	2814855	2814631	2814826	GAGGATTTATTGTTTCCTTATTCCCTTGA	249	195	GCTGAAAAGGGTCAGTCTTCTAATT	Pf3D7_13_v3-2814606-2814855
Pf3D7_13_v3-2816310-2816554	2816310	2816554	2816334	2816526	CTTGTAGAAGGAATAGATACACCATCCT	244	192	GGTGGAGAGGTAACACATACTGAT	Pf3D7_13_v3-2816310-2816554
Pf3D7_13_v3-2840462-2840736	2840462	2840736	2840495	2840703	ACACCATTAAATCCATTTAATCGAAGATTAAAA	274	208	AAATCGCTATCCTATAAATTACAAAACAAGAAT	Pf3D7_13_v3-2840462-2840736
Pf3D7_13_v3-2841390-2841688	2841390	2841688	2841411	2841661	AAAAATAAAATATTATCCGCTGCCGTT	298	250	ACCTGCATGTGCTTGACTTTC	Pf3D7_13_v3-2841390-2841688
Pf3D7_13_v3-2844334-2844629	2844334	2844629	2844355	2844599	AACCTTATGAGACCCTCCTTTATATTTATC	295	244	ATGCTAGGTGTATACGCACAG	Pf3D7_13_v3-2844334-2844629
Pf3D7_14_v3-854128-854427	854128	854427	854155	854394	AGATATTCATTTTAATGACAAGGACATGAATAG	299	239	AAACCATCGTGCTTAGGAAATAAAACT	Pf3D7_14_v3-854128-854427
Pf3D7_03_v3-221185-221419	221185	221419	221218	221388	AAAAATTTGTAAAATGGAAAAATGTTCCAGT	234	170	AATTAATCGCAAACGTAATTAAATATTCACAAA	Pf3D7_03_v3-221185-221419
Pf3D7_03_v3-221463-221712	221463	221712	221485	221679	AATGCAAATCCTAATAAAAACAATCAAGGTAAT	249	194	TAGCAGAGCCAGGCTTTATTCT	Pf3D7_03_v3-221463-221712
Pf3D7_03_v3-980765-980997	980765	980997	980797	980964	ATTCCAATATAATGACGATGCATCTATTATTCT	232	167	GGAAATCATCATAGATAACACTATTGCCTATT	Pf3D7_03_v3-980765-980997
Pf3D7_03_v3-981574-981823	981574	981823	981607	981797	TTCCAGACAACAAATGTGATCTTTCA	249	190	TTTACAATATCTGTTTCTTCATTATAAGCACAC	Pf3D7_03_v3-981574-981823
Pf3D7_03_v3-981921-982191	981921	982191	981946	982163	AGGATGTAATGATTTGCTTTTGACGAAT	270	217	AGATTCACAATCATTTGGACGTTCA	Pf3D7_03_v3-981921-982191
Pf3D7_03_v3-982299-982523	982299	982523	982332	982491	ACTTCAGATAAGAATTCACATCTTCATTCTAA	224	159	GTTTATATTATTACTATTTGTGTGTGGATCTGT	Pf3D7_03_v3-982299-982523
Pf3D7_04_v3-1077327-1077562	1077327	1077562	1077360	1077536	TTTTTATCCTTGCAGTAACCCCTTTT	235	176	TGGAAATGATAATAATTTCGCTGAGTGTTATAT	Pf3D7_04_v3-1077327-1077562
Pf3D7_04_v3-1082776-1083049	1082776	1083049	1082809	1083016	ACGTTTAAAAAGATGATGGATGAATATAATACA	273	207	TTTGTTGTAAAATATTTGTCATATCTGATAGGT	Pf3D7_04_v3-1082776-1083049
Pf3D7_04_v3-1083095-1083331	1083095	1083331	1083127	1083298	GCTGTAGATGCTTTTATTAAGAAAATAAATGAA	236	171	ACTATCTGTATCTTGTATACTATCTTCTACCT	Pf3D7_04_v3-1083095-1083331
Pf3D7_04_v3-1083411-1083668	1083411	1083668	1083443	1083635	TGATGGTTTAAAATATTTGTTTATTCCTTCTCA	257	192	TGAGGTATTATAACAAAATCCAAATGTCCTTC	Pf3D7_04_v3-1083411-1083668
Pf3D7_14_v3-860289-860542	860289	860542	860315	860509	ACTATTACTTAATAAACAAGTCGTAGATGTTTT	253	194	CACAAGGAAACCTGTATGTGTTACAT	Pf3D7_14_v3-860289-860542
Pf3D7_14_v3-860834-861066	860834	861066	860866	861038	TTCATAGAAGAGGTAACATCACCATCAT	232	172	GAAATTGGAGATGAAAGTACAGATTCTAGTTC	Pf3D7_14_v3-860834-861066
Pf3D7_01_v3-194742-194973	194742	194973	194764	194942	TGTTTGAAAAGAACTCTAGCCCTTTATTATC	231	178	GGAAATGACCAAGACGTGAACC	Pf3D7_01_v3-194742-194973
Pf3D7_04_v3-748105-748359	748105	748359	748129	748326	TCATTTACATTATCCACAGTTTCTTTGTTTAAA	254	197	CGACGTTTTCGATATTTATGCCAT	Pf3D7_04_v3-748105-748359
Pf3D7_04_v3-748374-748611	748374	748611	748407	748581	TCTAAAAATTCTTGATAAACAACGGAACCT	237	174	AAAAATTACAAAATGTTGTAGTTATGGGAAGAA	Pf3D7_04_v3-748374-748611
Pf3D7_05_v3-958079-958350	958079	958350	958106	958317	TCAGATCTTAATTTAGATCCAGGATTATTATCA	271	211	GCTGTATTATCAGGAGGAACATTACCT	Pf3D7_05_v3-958079-958350
Pf3D7_05_v3-958372-958608	958372	958608	958395	958580	CCCATTAAAGCCTCTTCTATAATGGACA	236	185	AGTGAGTTCAGGAATTGGTACGA	Pf3D7_05_v3-958372-958608
Pf3D7_05_v3-958920-959168	958920	959168	958953	959135	CAATTAATTTTAGTATGGTTGATTTCCCACAAC	248	182	TGAAAGCTTTAGAAGCAACAAATAGTTTATATG	Pf3D7_05_v3-958920-959168
Pf3D7_05_v3-960810-961048	960810	961048	960842	961021	AATTAAGAAGGATCCAAACCAATAGGC	238	179	CAGATGATGAAATGTTTAAAGATCCAAGTTTT	Pf3D7_05_v3-960810-961048
Pf3D7_05_v3-961511-961758	961511	961758	961544	961730	ATAGCAGCAAACTTACTAACACGTTTAA	247	186	AAAAATGTAAATGAATTTTCAAACCAATCTGGA	Pf3D7_05_v3-961511-961758
Pf3D7_06_v3-1214815-1215069	1214815	1215069	1214846	1215036	TTCTTAATCTTTTCCTTATTCTCCTTATCCATA	254	190	AACTTGTAATATTACGCTTCTAAATGTTGAT	Pf3D7_06_v3-1214815-1215069
Pf3D7_06_v3-1215236-1215502	1215236	1215502	1215268	1215479	TGGTGGTGTTAGATCTAGTACGG	266	211	ACAAAACCAAATGACAATCCAAAATCTATAAT	Pf3D7_06_v3-1215236-1215502
Pf3D7_06_v3-1215495-1215756	1215495	1215756	1215516	1215727	AAAAACGAGTCATCAAAAAGTAGTAAGAA	261	211	CACCACCAGGTGTAAATCGAC	Pf3D7_06_v3-1215495-1215756
Pf3D7_07_v3-403479-403716	403479	403716	403500	403683	AAAGAACATAATCATACAAATAAAGTTGTGAGT	237	183	GACCTTAACAGATGGCTCACG	Pf3D7_07_v3-403479-403716
Pf3D7_07_v3-403801-404052	403801	404052	403834	404021	CAAATGATTGGATATTTCCAGTAGTTCTTGT	251	187	ATCTATTCCACCTACCAATATAAAACATTACAC	Pf3D7_07_v3-403801-404052
Pf3D7_07_v3-404325-404590	404325	404590	404358	404564	TCATGTTTGAAAAGCATACAGGCTAA	265	206	AACAATAGCTCTTGTAGAAATGAAATTATCTTT	Pf3D7_07_v3-404325-404590
Pf3D7_07_v3-404776-405006	404776	405006	404809	404981	GTTTCTTCCCAAGAATAAACATGCG	230	172	TTTTTCCAATTGTTCACTTCTTGTCTTATATTA	Pf3D7_07_v3-404776-405006
Pf3D7_07_v3-405334-405576	405334	405576	405358	405543	ACAATAGTATATGTCATGGTAGAAAATTTGTCG	242	185	AAAACCTTCGCATTGTTTTCCTTC	Pf3D7_07_v3-405334-405576
Pf3D7_07_v3-405570-405844	405570	405844	405598	405815	GGTTCTCTTACAACATCACCCTATAAAAT	274	217	CTATTGTTAGTTGTATACAAGGTCCAGC	Pf3D7_07_v3-405570-405844
Pf3D7_07_v3-896613-896849	896613	896849	896646	896816	TTTTCATATTCTGTCGAGGATAACAATTCAATA	236	170	AATACATATAGAAAAGATGATAGAAGAAGCTCC	Pf3D7_07_v3-896613-896849
Pf3D7_08_v3-549583-549807	549583	549807	549610	549776	TTGGTTTCGCATCACATTTAACAATTTTATT	224	166	CAGATGGAGGTATTTTTGTTGAACCTA	Pf3D7_08_v3-549583-549807
Pf3D7_08_v3-549960-550215	549960	550215	549989	550182	GGGCAATAAATCTTTTTCTTGAATATCCAATAA	255	193	ATGCATAAAAGAGGAAATCCACATACAAT	Pf3D7_08_v3-549960-550215
Pf3D7_10_v3-490605-490877	490605	490877	490638	490844	TCATTACGAGGATTATCATTTTTATCAGAATTT	272	206	AATACATATGTTTTTAGATGATGATTTTGAGGG	Pf3D7_10_v3-490605-490877
Pf3D7_12_v3-2092529-2092798	2092529	2092798	2092559	2092765	TCTTATGACCATTTAATATACATAAAGGATCCT	269	206	ATGATTTGTTCATATTATAGGTACCATGGC	Pf3D7_12_v3-2092529-2092798
Pf3D7_13_v3-748254-748510	748254	748510	748287	748477	TGATGATCAAAGTTATTTAGATGAAGAGCAAAT	256	190	GGAAATTTTATCATTCCCCATTTCAATCATATC	Pf3D7_13_v3-748254-748510
Pf3D7_13_v3-958247-958510	958247	958510	958276	958482	TCATGTGAAAAATGAAGAGCATGAGAAT	263	206	TTTGATGAATTTGTTGTAACGTTTTGGTT	Pf3D7_13_v3-958247-958510
Pf3D7_13_v3-1724895-1725166	1724895	1725166	1724926	1725137	GGGAACAATTTCCATATGCCTTATTAGAA	271	211	TGGTGAAAAGAAATGACATGAATTTAGAACT	Pf3D7_13_v3-1724895-1725166
Pf3D7_13_v3-1725208-1725471	1725208	1725471	1725232	1725441	GGTGTATGATCGTTTAAGAGATGTATGGTA	263	209	CTCTCACCATTAGTTCCACCAATG	Pf3D7_13_v3-1725208-1725471
Pf3D7_13_v3-1725464-1725719	1725464	1725719	1725494	1725694	GCCTTGTTGAAAGAAGCAGAATTTT	255	200	CATACACCTCAGTTTCAAATAAAGCCTTAT	Pf3D7_13_v3-1725464-1725719
Pf3D7_13_v3-1725713-1725955	1725713	1725955	1725741	1725923	CTGAAACTATGATTGATATTAATGTTGGTGGA	242	182	ACAAGGCTTCACTTTCACTTAAATCTTT	Pf3D7_13_v3-1725713-1725955
Pf3D7_13_v3-1726057-1726304	1726057	1726304	1726090	1726271	AAGACACAAATGAATTTTATTCGAGAAAAAGAT	247	181	TCGATTTCTTGTAAAAATCTTAATCTTTCTTCA	Pf3D7_13_v3-1726057-1726304
Pf3D7_13_v3-1726723-1726995	1726723	1726995	1726756	1726967	GGAAGGAGAAAAAGTAAAAACAAAAGCA	272	211	TTTTTACTATCAAAGTTCGAATCTAATACACTC	Pf3D7_13_v3-1726723-1726995
Pf3D7_13_v3-2504481-2504734	2504481	2504734	2504514	2504701	TTTTTATAACTATCCCATTCGATATCTATACCT	253	187	AATTTACCTGAAGACGTTAAAAATGTAAAGTAC	Pf3D7_13_v3-2504481-2504734
Pf3D7_14_v3-283350-283576	283350	283576	283381	283552	GGAACCCATAAATTAGCTGAACCG	226	171	AAGGTTTTGAGCTCTGTATTGAAAAATAAAT	Pf3D7_14_v3-283350-283576
Pf3D7_14_v3-283973-284211	283973	284211	284006	284184	GTAAATCATCGTTATCACAGGTGGTTA	238	178	TGATTTTTATGAAGGACCTTTAACTTATGAAAA	Pf3D7_14_v3-283973-284211
Pf3D7_14_v3-288429-288696	288429	288696	288462	288664	CATCATTTAATGTTACACTATCACCAGCATTA	267	202	TTTTTCTTATTGATTACCGGAGCATTATTTTAT	Pf3D7_14_v3-288429-288696
Pf3D7_14_v3-289301-289550	289301	289550	289329	289517	GTTCAAATCAACAGGTATTATAGATACCATACA	249	188	TGTTGACAGTGGTACTAGTTCTATAACG	Pf3D7_14_v3-289301-289550
Pf3D7_14_v3-293575-293829	293575	293829	293608	293796	GTTTTAGTAAGTCCTGAATTAAGAAAATTGACA	254	188	ACAGAAAGGATTTCAAATACTATATGTACTTCT	Pf3D7_14_v3-293575-293829
Pf3D7_14_v3-294506-294753	294506	294753	294538	294730	GGGTCACCTAGAATAAAGGTTGG	247	192	GTACCAACTGACTTTTTAAATAAAATGTTGCA	Pf3D7_14_v3-294506-294753
Pf3D7_14_v3-297583-297856	297583	297856	297616	297824	TCCACATTATCAAACTCACTACCTAAATAACT	273	208	AAATATTATTTGTGACAGTTTTCATAGTTTTGG	Pf3D7_14_v3-297583-297856
Pf3D7_14_v3-297935-298162	297935	298162	297961	298129	ACAATTTCCGTCATTTCAATAAATTTATAGGGT	227	168	CCATACAGCTTCATCTAATGTATGGG	Pf3D7_14_v3-297935-298162
Pf3D7_14_v3-298368-298636	298368	298636	298401	298603	GTATATACTTTATTTGGTGAACGATATTCGAGT	268	202	TTTGATGGACCATTGAACTATGAAAAATTAAAT	Pf3D7_14_v3-298368-298636
Pf3D7_14_v3-1954850-1955124	1954850	1955124	1954882	1955099	CCAGTTCATTAGATTCAAGAACCGA	274	217	ATTTACATCGTCTTTATCAATTGATGAATTTG	Pf3D7_14_v3-1954850-1955124
Pf3D7_14_v3-1956056-1956330	1956056	1956330	1956089	1956301	GGTATTCTAGTAAAAATTCGGGTGGTATC	274	212	ATGATATACATTATCCATCTCATTTGCTTTTGT	Pf3D7_14_v3-1956056-1956330
Pf3D7_14_v3-1956365-1956639	1956365	1956639	1956396	1956609	GCAAAAGGATAGATATGAAAGGAAATAGCT	274	213	AGATTCTTGTAATTCTATAAAAGCTGATTGT	Pf3D7_14_v3-1956365-1956639
Pf3D7_14_v3-1957218-1957480	1957218	1957480	1957251	1957447	AAATCATCAGTTGATTTATTTTTGTTGAATGTT	262	196	ATCATACTATAAACCATAAACAAAACTTTGAGT	Pf3D7_14_v3-1957218-1957480
Pf3D7_14_v3-2481033-2481276	2481033	2481276	2481065	2481245	GAAATTTACAACTGGAAGGTGAAAAACATAC	243	180	GTTTCATTTTAGATTTACCTTTTTGCGATCTC	Pf3D7_14_v3-2481033-2481276
