amplicon	amplicon_start	amplicon_end	ampInsert_start	ampInsert_end	rev_primer	amplicon_length	ampInsert_length	fwd_primer
Pf3D7_08_v3-1365709-1365954	1365709	1365954	1365742	1365924	ATGTAACAGCATTAGATAAAGGTACTGGTA	245	182	TTTCTGAATCATCTTTTGGTATTTTTGTTTTCA
Pf3D7_08_v3-1366626-1366856	1366626	1366856	1366659	1366823	AAAAGGAAAAGGTGAACAAAATATTCTTATTTT	230	164	AATCTTCTTAATGATTTTGAATTTTTGGAAACA
Pf3D7_08_v3-1370603-1370853	1370603	1370853	1370633	1370825	GCAACAATGAGAAAATGAATTTGCACAA	250	192	AAATCTGGAATAGGAACAAAGTGATTATGG
Pf3D7_08_v3-1375025-1375284	1375025	1375284	1375057	1375259	AAAAATAAAGTATTATCCGCTGCCG	259	202	ATTTAAATTAAGTCCTTTTGCATTTTTGCTAC
Pf3D7_08_v3-1386795-1387043	1386795	1387043	1386822	1387013	CTTTGAATGGTGTTCCATTGAAATCAATTA	248	191	CATAAGCGTGTTAGTAGTTTCAGTTGT
Pf3D7_11_v3-1294284-1294580	1294284	1294580	1294306	1294547	TCATCATAAACAGCTGGATATTTATAATTTGAA	296	241	ACTTCCATCAGGGAAATGTCCA
Pf3D7_13_v3-1465010-1465307	1465010	1465307	1465036	1465280	TGGATAATGAAAGGAAACAAAGTGACC	297	244	GCTCCTGGTACTACGAATTTATAAGC
Pf3D7_13_v3-2770621-2770854	2770621	2770854	2770649	2770821	TTTTTCAATTATCGAGGGTAAACTTATTAGATT	233	172	GCAACACATCGATTTTATCAAAAGGAAA
Pf3D7_13_v3-2780346-2780575	2780346	2780575	2780367	2780542	GTATTTCTGAAGGACTATATATGGAACAATTCA	229	175	AAAAATGAGGGCCGGTAGTTC
Pf3D7_13_v3-2814606-2814855	2814606	2814855	2814631	2814826	GAGGATTTATTGTTTCCTTATTCCCTTGA	249	195	GCTGAAAAGGGTCAGTCTTCTAATT
Pf3D7_13_v3-2816310-2816554	2816310	2816554	2816334	2816526	CTTGTAGAAGGAATAGATACACCATCCT	244	192	GGTGGAGAGGTAACACATACTGAT
Pf3D7_13_v3-2840462-2840736	2840462	2840736	2840495	2840703	ACACCATTAAATCCATTTAATCGAAGATTAAAA	274	208	AAATCGCTATCCTATAAATTACAAAACAAGAAT
Pf3D7_13_v3-2841390-2841688	2841390	2841688	2841411	2841661	AAAAATAAAATATTATCCGCTGCCGTT	298	250	ACCTGCATGTGCTTGACTTTC
Pf3D7_13_v3-2844334-2844629	2844334	2844629	2844355	2844599	AACCTTATGAGACCCTCCTTTATATTTATC	295	244	ATGCTAGGTGTATACGCACAG
Pf3D7_03_v3-221185-221419	221185	221419	221218	221388	AAAAATTTGTAAAATGGAAAAATGTTCCAGT	234	170	AATTAATCGCAAACGTAATTAAATATTCACAAA
Pf3D7_03_v3-221463-221712	221463	221712	221485	221679	AATGCAAATCCTAATAAAAACAATCAAGGTAAT	249	194	TAGCAGAGCCAGGCTTTATTCT
Pf3D7_01_v3-194742-194973	194742	194973	194764	194942	TGTTTGAAAAGAACTCTAGCCCTTTATTATC	231	178	GGAAATGACCAAGACGTGAACC
Pf3D7_04_v3-748105-748359	748105	748359	748129	748326	TCATTTACATTATCCACAGTTTCTTTGTTTAAA	254	197	CGACGTTTTCGATATTTATGCCAT
Pf3D7_04_v3-748374-748611	748374	748611	748407	748581	TCTAAAAATTCTTGATAAACAACGGAACCT	237	174	AAAAATTACAAAATGTTGTAGTTATGGGAAGAA
Pf3D7_05_v3-958079-958350	958079	958350	958106	958317	TCAGATCTTAATTTAGATCCAGGATTATTATCA	271	211	GCTGTATTATCAGGAGGAACATTACCT
Pf3D7_05_v3-958372-958608	958372	958608	958395	958580	CCCATTAAAGCCTCTTCTATAATGGACA	236	185	AGTGAGTTCAGGAATTGGTACGA
Pf3D7_05_v3-958920-959168	958920	959168	958953	959135	CAATTAATTTTAGTATGGTTGATTTCCCACAAC	248	182	TGAAAGCTTTAGAAGCAACAAATAGTTTATATG
Pf3D7_05_v3-960810-961048	960810	961048	960842	961021	AATTAAGAAGGATCCAAACCAATAGGC	238	179	CAGATGATGAAATGTTTAAAGATCCAAGTTTT
Pf3D7_05_v3-961511-961758	961511	961758	961544	961730	ATAGCAGCAAACTTACTAACACGTTTAA	247	186	AAAAATGTAAATGAATTTTCAAACCAATCTGGA
Pf3D7_07_v3-403479-403716	403479	403716	403500	403683	AAAGAACATAATCATACAAATAAAGTTGTGAGT	237	183	GACCTTAACAGATGGCTCACG
Pf3D7_07_v3-403801-404052	403801	404052	403834	404021	CAAATGATTGGATATTTCCAGTAGTTCTTGT	251	187	ATCTATTCCACCTACCAATATAAAACATTACAC
Pf3D7_07_v3-404325-404590	404325	404590	404358	404564	TCATGTTTGAAAAGCATACAGGCTAA	265	206	AACAATAGCTCTTGTAGAAATGAAATTATCTTT
Pf3D7_07_v3-405570-405844	405570	405844	405598	405815	GGTTCTCTTACAACATCACCCTATAAAAT	274	217	CTATTGTTAGTTGTATACAAGGTCCAGC
Pf3D7_07_v3-896613-896849	896613	896849	896646	896816	TTTTCATATTCTGTCGAGGATAACAATTCAATA	236	170	AATACATATAGAAAAGATGATAGAAGAAGCTCC
Pf3D7_08_v3-549583-549807	549583	549807	549610	549776	TTGGTTTCGCATCACATTTAACAATTTTATT	224	166	CAGATGGAGGTATTTTTGTTGAACCTA
Pf3D7_08_v3-549960-550215	549960	550215	549989	550182	GGGCAATAAATCTTTTTCTTGAATATCCAATAA	255	193	ATGCATAAAAGAGGAAATCCACATACAAT
Pf3D7_12_v3-2092529-2092798	2092529	2092798	2092559	2092765	TCTTATGACCATTTAATATACATAAAGGATCCT	269	206	ATGATTTGTTCATATTATAGGTACCATGGC
Pf3D7_13_v3-748254-748510	748254	748510	748287	748477	TGATGATCAAAGTTATTTAGATGAAGAGCAAAT	256	190	GGAAATTTTATCATTCCCCATTTCAATCATATC
Pf3D7_13_v3-958247-958510	958247	958510	958276	958482	TCATGTGAAAAATGAAGAGCATGAGAAT	263	206	TTTGATGAATTTGTTGTAACGTTTTGGTT
Pf3D7_13_v3-1724895-1725166	1724895	1725166	1724926	1725137	GGGAACAATTTCCATATGCCTTATTAGAA	271	211	TGGTGAAAAGAAATGACATGAATTTAGAACT
Pf3D7_13_v3-1725208-1725471	1725208	1725471	1725232	1725441	GGTGTATGATCGTTTAAGAGATGTATGGTA	263	209	CTCTCACCATTAGTTCCACCAATG
Pf3D7_13_v3-1725464-1725719	1725464	1725719	1725494	1725694	GCCTTGTTGAAAGAAGCAGAATTTT	255	200	CATACACCTCAGTTTCAAATAAAGCCTTAT
Pf3D7_13_v3-2504481-2504734	2504481	2504734	2504514	2504701	TTTTTATAACTATCCCATTCGATATCTATACCT	253	187	AATTTACCTGAAGACGTTAAAAATGTAAAGTAC
Pf3D7_14_v3-293575-293829	293575	293829	293608	293796	GTTTTAGTAAGTCCTGAATTAAGAAAATTGACA	254	188	ACAGAAAGGATTTCAAATACTATATGTACTTCT
Pf3D7_14_v3-294506-294753	294506	294753	294538	294730	GGGTCACCTAGAATAAAGGTTGG	247	192	GTACCAACTGACTTTTTAAATAAAATGTTGCA
Pf3D7_14_v3-297583-297856	297583	297856	297616	297824	TCCACATTATCAAACTCACTACCTAAATAACT	273	208	AAATATTATTTGTGACAGTTTTCATAGTTTTGG
Pf3D7_14_v3-298368-298636	298368	298636	298401	298603	GTATATACTTTATTTGGTGAACGATATTCGAGT	268	202	TTTGATGGACCATTGAACTATGAAAAATTAAAT
Pf3D7_14_v3-1956056-1956330	1956056	1956330	1956089	1956301	GGTATTCTAGTAAAAATTCGGGTGGTATC	274	212	ATGATATACATTATCCATCTCATTTGCTTTTGT
Pf3D7_14_v3-2481033-2481276	2481033	2481276	2481065	2481245	GAAATTTACAACTGGAAGGTGAAAAACATAC	243	180	GTTTCATTTTAGATTTACCTTTTTGCGATCTC
PmUG01_12_v1-1397996-1398245	1397996	1398245	1398021	1398213	ATCACAAAAATTAAATGTTTGTCCAAGAGATG	249	192	CATTTCAATAATAGCAGCAGCTGGA
PocGH01_12_v1-1106456-1106697	1106456	1106697	1106483	1106671	CATGGCAATAAAATGGTTGTGTTGAA	241	188	GTGGAGCATATCAAAACCTTTTTCAAA
PvP01_12_v1-1184983-1185208	1184983	1185208	1185008	1185184	AGGTACATCACAGTTGGAGGTATC	225	176	CCTCTAGTAGAGTGGAACAAACAAG
