amplicon	amplicon_start	amplicon_end	ampInsert_start	ampInsert_end	amplicon_length	ampInsert_length	fwd_primer	rev_primer
PKNH_12_v2-0198869-0199113-1AB	198869	199113	198894	199083	244	189	CTCCAATAAAGTGGAACAGACAAGA	ATAAAATGGTGCTTCTGAAAAGATACATCA
Pf3D7_01_v3-0145388-0145662-1A	145388	145662	145421	145630	274	209	CCTGAGTTTTAAGTGAATGAATATATTTTTGTT	AAAATGTCCAATATGTCAAGGTATATTAAAGT
Pf3D7_01_v3-0162867-0163115-1A	162867	163115	162889	163092	248	203	TACTACCGATCATCAAGCCGAA	TGTGTGCTTTGTCGTTGATTCAT
Pf3D7_01_v3-0181512-0181761-1A	181512	181761	181545	181729	249	184	CTTTTCATATTTGTCTATTAGCTTTTTCAAACC	TAGTTTAAATCTATACTTGTCTCACCTGAACA
Pf3D7_01_v3-0455794-0456054-1A	455794	456054	455827	456021	260	194	ACAATGTAGAACAATATATAAAACTGGAAAAGA	GTGTTTCATTATTTTAGACACATTCAGGAATTT
Pf3D7_01_v3-0528859-0529104-1A	528859	529104	528890	529073	245	183	CTTAGTTTAGATTTGCCTACAATATTTGCAC	AATCATTTTATCCCACTTATTTATCTCGTCT
Pf3D7_01_v3-0535965-0536239-1A	535965	536239	535995	536206	274	211	TGGTTTAATGTGTTAGTAGAAGAAAAAGCA	CTTTGACAATCATCCAACATGTAAGTATATAAA
Pf3D7_02_v3-0290580-0290821-1A	290580	290821	290611	290789	241	178	AAGCATCATTTTCCTTATCATTATAATGAGG	ACTTTTAAATATGGCACATAATCCAATAGATG
Pf3D7_02_v3-0291770-0292017-1A	291770	292017	291802	291984	247	182	TGCTAGAGGCATATAAAGAACTTTTTAAAGTC	AGTAGAAATCGTCGAAGAACATATACATAAAAT
Pf3D7_02_v3-0470437-0470709-1A	470437	470709	470470	470676	272	206	ATTTTCAAAGGTTCAAAAATATATGAACATGAA	GTATGTATTATACCCTCCATTTGATTATTCTCT
Pf3D7_02_v3-0503040-0503288-1A	503040	503288	503072	503260	248	188	AGTACACATATCGTTATGATCCTTAATTAAAC	CATCACGATATTGATGTGTACTATGGTC
Pf3D7_02_v3-0628941-0629172-1A	628941	629172	628974	629143	231	169	GTGATTTTCTCTTTTGTGATAATCTTGAAAAAT	AATTATCTTACACCAACAATGAAGGTGAA
Pf3D7_02_v3-0630641-0630907-1A	630641	630907	630674	630874	266	200	ACATAACGAAGAATATCTATTCGTATAGGTTTC	AGGTATATATGGTAGCAATTCTATAAATTGGTT
Pf3D7_03_v3-0085507-0085756-1A	85507	85756	85540	85723	249	183	TCCTTTAATTTTTCTTTCATCAAATTTAACCAT	TGGAAGATGAATATTATGATGTAAATGATGAAA
Pf3D7_03_v3-0515418-0515657-1A	515418	515657	515441	515629	239	188	GATCTATTCCAGGAGCATCAAGG	GCATATGTTCCCAACCTTCATTAACTTC
Pf3D7_03_v3-0653961-0654206-1A	653961	654206	653994	654177	245	183	GTAACAAAAATTTCACCTAACGGTATATTTTTA	CTTTATGTATTTTTCAAAAATCGGCACGT
Pf3D7_03_v3-0855426-0855697-1A	855426	855697	855456	855664	271	208	ATGAGGTATCAAAACACAATAATACGATTC	CGTTTTCAATTAATTGTATTGAGAATTGTACAA
Pf3D7_03_v3-0891553-0891827-1A	891553	891827	891586	891794	274	208	GTCTTGTTTGTTTGTTATGATATGTTCTTTATT	ACATATCCATAGCAGAGTCTTCTTATTTCTTAT
Pf3D7_04_v3-0109939-0110184-1A	109939	110184	109962	110151	245	189	CTTTAGGTACACCTGCAAGTACC	GTGTTATGTTAAGCAATAAAAATTTTCATAGCA
Pf3D7_04_v3-0115455-0115684-1A	115455	115684	115484	115652	229	168	TTTTAGTTTCGGTATTTTGTGTTCCTCTT	AAGAAATTTATCAGAGTTACAAAAGGGAAATC
Pf3D7_04_v3-0133581-0133830-1A	133581	133830	133613	133801	249	188	ATTTAATCTTTTACCAGCAGTAGAAACTACAT	AGAAGAGCACAAAAGAGATGAATATCAAG
Pf3D7_04_v3-0133928-0134154-1A	133928	134154	133961	134121	226	160	ATTTGAACTTTGACTTTTCCAAATATTGTTTTA	AGAACATAATTATGATAAAAAGTATAGGGACGT
Pf3D7_04_v3-0140317-0140548-1A	140317	140548	140350	140516	231	166	TGATAATATATATGCTAAGGAAAAGGAAATTCG	ATTATTATTATTTTCATCTTGTGTGTCTCCAT
Pf3D7_04_v3-0141741-0141990-1A	141741	141990	141762	141957	249	195	ACCATGCTGATGATACACGTG	TCTAATTCTTTATAAAGATCAAGCATTTGTCTG
Pf3D7_04_v3-0284121-0284364-1A	284121	284364	284154	284333	243	179	TTTGTATATCGTTTGATTTGTTTGTAAGATGTC	AAAAATTCAACGAAAATAAAAGGTTGTTCTT
Pf3D7_04_v3-0316593-0316858-1A	316593	316858	316624	316825	265	201	AGAATGTATATTTTGATGCCGAGTTGATAAT	CAATGAAATATGTGTTAGACCTACAAATTCTTC
Pf3D7_04_v3-0544454-0544718-1A	544454	544718	544487	544685	264	198	TGAAAGAGAAATATAATATACAACAGGAGGAAA	GTGTCTGTATTTAATAAATGATTATCTGGGTTA
Pf3D7_04_v3-0648065-0648332-1A	648065	648332	648097	648299	267	202	AAGATTGATTAAATTTCACATTATACCTTCCA	TTTCCCTTGATACAATTTAATAAAAAGGGAATA
Pf3D7_04_v3-0900526-0900759-1A	900526	900759	900559	900729	233	170	AATTCATGGTAAATATTATCTCCATTTTGATCA	TGAAAATAAGGTAGGTGAAGAAAGAGAACT
Pf3D7_04_v3-1005938-1006187-1A	1005938	1006187	1005971	1006155	249	184	ATCATCATGAATATGTTTTCCTGATACATAAAT	AATTCTTATGGAACAAAATTCGAATCAGGATA
Pf3D7_04_v3-1037644-1037891-1A	1037644	1037891	1037677	1037859	247	182	AGTTAATGAAATAGCTCAACTTAATTTAACCAT	TGACATAAATTACTACGTCATAGGTATTTGGT
Pf3D7_04_v3-1113397-1113639-1A	1113397	1113639	1113422	1113612	242	190	ACAGCATTAGATACGGTTTTCCATC	CACTAAACGTAGCATGCTCAGATATTA
Pf3D7_05_v3-0213027-0213251-1A	213027	213251	213060	213219	224	159	TTTATCCTTATCATTATTTCCATCATTTTCTGG	AAAAATAAAAGGAACAATGTAATGGTTGAAAA
Pf3D7_05_v3-0350808-0351052-1A	350808	351052	350841	351019	244	178	AAAGCATCATTTTGCTCATAATTATATGTATGA	GAACAGTTCATATATATAATTCAACAACAGCCA
Pf3D7_05_v3-0369676-0369949-1A	369676	369949	369706	369916	273	210	CGAGAATTMTGCCTCCTATAATCATAGTGA	TGACCACATGTCTATATTACTATGATGATTATT
Pf3D7_05_v3-0395887-0396136-1A	395887	396136	395920	396103	249	183	ATTTGATACAGGATGTGAAATTTTTGCATTATC	ATTGAACTCTTTGATATCTCAGAAAAATTCTTT
Pf3D7_05_v3-0550803-0551072-1A	550803	551072	550835	551043	269	208	ATTCAAATGTATATTGTTCTCCTCATAAGAAC	CAAGTTCAAAATATCCGAAGAGAAACAGA
Pf3D7_05_v3-0641131-0641404-1A	641131	641404	641163	641373	273	210	AACGTGCTACATATTTATAAATTCACTAAAGA	CGTGTATGTAGGAAATAAATTGTGTTCACAA
Pf3D7_05_v3-0668763-0669004-1A	668763	669004	668788	668979	241	191	TAACATGACCATCCCTTGTGATACT	CCAACGTTTCTTCGATCAAATGATT
Pf3D7_05_v3-0796518-0796759-1A	796518	796759	796551	796728	241	177	CGTTAAGTAGTACCTTTGGTTATTTTATGTTAG	AAAACTACCATTTAATCCTGATAGAATAGCA
Pf3D7_05_v3-1188456-1188706-1A	1188456	1188706	1188489	1188673	250	184	TCTTTAAATAAAACTAACACATCTAATGCACCA	AATATAGGTTTAAATATAGATGCAGAGATTGGT
Pf3D7_05_v3-1322099-1322341-1A	1322099	1322341	1322132	1322313	242	181	TTTTCTATTGAATCCATGAAATAGGAATATGAA	ATCAGCAACGATAGTACAAATTGAATGA
Pf3D7_06_v3-0145285-0145531-1A	145285	145531	145318	145502	246	184	GCTATCTTTTATAAATGTACCACTATTAAACCA	CAAGGAAGGTAGAATATCAAATACAAGGG
Pf3D7_06_v3-0176108-0176338-1A	176108	176338	176139	176305	230	166	ACTTCTCCTTTAATTGAAAATGTTTTCACAC	TGCTCAAAGTATGATAAAAGGTATATTTAATCC
Pf3D7_06_v3-0416462-0416720-1A	416462	416720	416487	416688	258	201	CGCATCGAAACTTAATTTGAGTACG	AATTTCGTTATAAAAACTCTTTTGCTCTGAAA
Pf3D7_06_v3-0532166-0532407-1A	532166	532407	532195	532380	241	185	TGATCAAGCTGAATCTATCCTATTGGATC	TGGTATATTGTTTATTGGGATCCCCTT
Pf3D7_06_v3-0851492-0851765-1A	851492	851765	851516	851740	273	224	ACACTGACATTTTACTGCACCTTC	GAAAGGAAGATATTATGCCACTGCA
Pf3D7_06_v3-1115900-1116168-1A	1115900	1116168	1115932	1116136	268	204	ATCTACATATTCTATAGGACAGTAAGATCTCA	ACTCAAAAGAATTAATAAACACTGACATGGTA
Pf3D7_06_v3-1128558-1128797-1A	1128558	1128797	1128591	1128771	239	180	GTTTTCTTTTTCATGTGTAACAGGATTATAAGT	AAAAATTCACCTAACTTGTCATCAGC
Pf3D7_06_v3-1135605-1135855-1A	1135605	1135855	1135638	1135827	250	189	ATCAGTTTTTAGATTTCCATTAGTTCCATTTAC	GCATTCAGAATTCCTCCAATAATAGAGT
Pf3D7_06_v3-1136091-1136364-1A	1136091	1136364	1136122	1136332	273	210	ACTTACATTGTCGTTGCCTTTATTTTTATTA	TAATGATTTGGAATATACTACTTGTGCCAATC
Pf3D7_06_v3-1140900-1141174-1A	1140900	1141174	1140925	1141141	274	216	TCCTCTCAATACTCTCAAAACACGA	AGATAGGTGAACATAATAATATGCAAATACATT
Pf3D7_06_v3-1192628-1192867-1A	1192628	1192867	1192660	1192836	239	176	AAAAGTATAAATAGAATGATCGAATGTGTTCA	AATGATATCGTTTTTACCACTGAAATACCAA
Pf3D7_06_v3-1197245-1197515-1A	1197245	1197515	1197278	1197483	270	205	ATTAATAATGGTCCTTCTATTACCATTAAAGGT	TTGAAGTATATTTTAGGAAGTGTCCATTCAAC
Pf3D7_06_v3-1235395-1235658-1A	1235395	1235658	1235428	1235625	263	197	ATTTGATTCTGAAGGAAGCATAAAATATAAAGA	ACACCCTTTTCATATTCATTCAAAATACTTCTT
Pf3D7_06_v3-1282656-1282930-1A	1282656	1282930	1282688	1282898	274	210	ACAAGTGAGGAGTTATTTTTAGAGAAATTAAA	TCGTATAAGTAGAAATATTTTTCTTTCGGTGG
Pf3D7_07_v3-0105172-0105442-1A	105172	105442	105201	105414	270	213	CATGAGTACTGTGTTCTTTCTTATGTTCT	GCCCATGGATTATTTGAAGAAATTGAAA
Pf3D7_07_v3-0432832-0433091-1A	432832	433091	432856	433064	259	208	AGGACATATGAGTTGCCCTTTAGA	TACAATTGTCAGGACACGAAAATCATT
Pf3D7_07_v3-0475313-0475545-1A	475313	475545	475344	475512	232	168	ACTTATGATTTGTCCAAATATGAAAAACAAC	AATTTATGTATAAGTTTGCTGGTTTTGTTTATT
Pf3D7_07_v3-0627351-0627625-1A	627351	627625	627382	627592	274	210	AGAAAGATTGTCCATTTACATAATTTGCAGA	TTCTATTTTAGAAGGAAATGAAGGAGATATGAA
Pf3D7_07_v3-0717260-0717493-1A	717260	717493	717293	717461	233	168	ATTTTATCCATTAATTTTATGATGAAGGTGTGG	ATCCCTCTCTATCTCATCTTCATTCTTATTAT
Pf3D7_07_v3-0729480-0729750-1A	729480	729750	729508	729725	270	217	GTAAATCAAGCCATTGATTTAACTCTCC	AAAGAGAGGCGTTTTCTAACGAAAA
Pf3D7_07_v3-1028330-1028603-1A	1028330	1028603	1028362	1028570	273	208	ACTAAAAATAACTCTTGATCTTTATCTTCGTT	TGTTGAATAATATGAATGAAAATAATCATTCGC
Pf3D7_07_v3-1043981-1044225-1A	1043981	1044225	1044012	1044195	244	183	ATGTTAGGAACACGCTTATCATTTATCTTTT	ACAGATATGAGCTCCTTCTCTTTAATAACC
Pf3D7_07_v3-1066661-1066903-1A	1066661	1066903	1066694	1066879	242	185	AAAGATAAAAATGGATATTATACAATGGCTTCA	CCCATATGCGCACAGTTTATAACA
Pf3D7_07_v3-1149367-1149613-1A	1149367	1149613	1149399	1149585	246	186	GAAATCTAGAGATGAATAATCTGGACATGTAG	TGTATACTCTCACATATTCCCTTCAGTG
Pf3D7_08_v3-0102277-0102527-1A	102277	102527	102309	102500	250	191	CATTAACATATAAAGTATCAGAACTTGTCGCT	TGTTGAAGAGTCAAGTTTTGTTCAGAA
Pf3D7_08_v3-0336421-0336651-1A	336421	336651	336454	336618	230	164	AATATTTCCCACAATATGAATACATGAATATGA	ACATATAATAATCTTGAACCCTCTTTCTCAAGT
Pf3D7_08_v3-0399693-0399961-1A	399693	399961	399719	399934	268	215	TTGTATTAATGAAGATGCCGATTGCT	AAAAAGATGACAATTTTGCTCTTGTGA
Pf3D7_08_v3-0412801-0413062-1A	412801	413062	412834	413029	261	195	GATGATAGTTATTTTCTTGACATCATGTCAAAT	TTTCACAATTTTCTTTCATTTCTCTTTTTAGAT
Pf3D7_08_v3-0476232-0476475-1A	476232	476475	476265	476442	243	177	AGATAATTGTGTACACACAAATATAAATGTACC	ATTTTCTTTACTTGAGTGATTAGTATTTCGAGA
Pf3D7_08_v3-0585331-0585590-1A	585331	585590	585364	585562	259	198	TCATAAGGGAACCTAAATTATTAGTATAATCGT	CCTTCATAGTATAACTGTTACTGGTCCT
Pf3D7_08_v3-0585703-0585949-1A	585703	585949	585736	585916	246	180	CTTTTAAACGATGATAACCTATATCTGCATCAT	GAAGTTATTAATTTTAAAATTGAACGTGAAACC
Pf3D7_08_v3-0585993-0586266-1A	585993	586266	586025	586233	273	208	ATTCTAATAATATTTCCACCAAAACAATGTCC	AAACTAATGATTATAAAATATGGAGTGCTCAAG
Pf3D7_08_v3-1056678-1056903-1A	1056678	1056903	1056703	1056878	225	175	GGCTAGTAACAGTACAGCTAGTTGT	TGCATCATCATTGTCTAAAGCTTCG
Pf3D7_08_v3-1099719-1099977-1A	1099719	1099977	1099751	1099944	258	193	AGATAATTTGAAAAACGATGAAAAAGATGAAG	AGCAAAATTATCACATATGTTACATTCATACAC
Pf3D7_08_v3-1176313-1176549-1A	1176313	1176549	1176346	1176524	236	178	TTGTTATATCCGTTGATATAAAAGAAGGATCAT	GGGACCTTACAACCTTTTTGTAAGC
Pf3D7_08_v3-1313088-1313338-1A	1313088	1313338	1313120	1313308	250	188	AGAAAAACAAATAGGTTTATGGAATAAATGGA	AATCATCAATATGTTTCACATATCTTGCAA
Pf3D7_08_v3-1314717-1314986-1A	1314717	1314986	1314744	1314953	269	209	AAGTGGAACATATGAAATTCAAGAGGA	TGTTTATTTTTCCATTCCTTCATATTTTCTTTT
Pf3D7_08_v3-1344618-1344845-1A	1344618	1344845	1344651	1344813	227	162	AATTTTCTTATATAACCTAAGTTGATGACTTGG	AGAACAGATGAAGTAACTACTCGATTAAATGA
Pf3D7_09_v3-0082006-0082236-1A	82006	82236	82034	82203	230	169	TTGTGTCCGAATACTTTTTCTTTAACCA	CTTAGGTATTTTTGCATCTATTAATTTGCTTTT
Pf3D7_09_v3-0163813-0164052-1A	163813	164052	163846	164021	239	175	ACCCAAAATGATAAATCTTCTTCATTTCTAAAA	ACCAAAAATGCTATTATTATTTTTCTGGGAA
Pf3D7_09_v3-0164045-0164311-1A	164045	164311	164075	164287	266	212	TTTTTGGTAATACAGCTAATAATACGGCAA	GGCTTTCGTTTGACTTTACTTCTG
Pf3D7_09_v3-0202854-0203106-1A	202854	203106	202887	203076	252	189	GTAAACAATGAATAAATATTCTTGCCAATTCGA	ATGTGTGATAGAGAAAGGTTCAATTGTTTA
Pf3D7_09_v3-0270915-0271160-1A	270915	271160	270942	271136	245	194	CCTTCAGCTTCTTCTAATTCTTCCATT	AGATGCTATTGCGGAAAAAGACAT
Pf3D7_09_v3-0516735-0517007-1A	516735	517007	516767	516980	272	213	ACACAAAATGGTACTTTTAAAGATTGTTTATG	TGGACAATAAAAACCTATGGGACATTC
Pf3D7_09_v3-0595828-0596094-1A	595828	596094	595861	596063	266	202	TTTAGTAATGTTACATATAATATTCCACACGGT	AAACAAACTGAAGATTTCATTACACAATATG
Pf3D7_09_v3-0685560-0685825-1A	685560	685825	685588	685792	265	204	CAAGTTCAACCGAACAAATATAATCACG	GGGCGAAATTCTATGAATGTATTATTAATAGAA
Pf3D7_09_v3-1015103-1015350-1A	1015103	1015350	1015131	1015317	247	186	GCTACCGATTGAATAGTTGAATCTTTGT	TGTTCCAAAGGRTTGAAATATATTTGTACTTTT
Pf3D7_09_v3-1406342-1406614-1A	1406342	1406614	1406372	1406581	272	209	CTTTTAAATGAAGTGTCTGCTAGTACAGAT	TTCACCATTTTCTATTATTATTTCATCCTCTCC
Pf3D7_10_v3-0561174-0561443-1A	561174	561443	561207	561413	269	206	ATTATCATGAATATACAAGAGGAGAATCTTGTA	TCAGTGACATACCTGATACATCATCATATG
Pf3D7_10_v3-0992331-0992603-1A	992331	992603	992363	992570	272	207	AACAAAATTGCCTATCATTAATGGAAAATATC	TCATTCGTATGACCCATATAATCTTCATTTTTC
Pf3D7_10_v3-0992596-0992869-1A	992596	992869	992622	992836	273	214	ACGAATGATGCTTATAGTCAACATGG	CACAAGTATCAGTATTCAATTCATTACATGAAT
Pf3D7_10_v3-1386657-1386909-1A	1386657	1386909	1386690	1386876	252	186	TTAATAACTCCATAAGTGCTACAGTTATATAGG	AAACTTAAAAATGAGGACAAGGAAAATAATACA
Pf3D7_10_v3-1392371-1392620-1A	1392371	1392620	1392400	1392588	249	188	TGATGGTGACAAAAGAGGTAAAGTAATTT	TTTTTGTTCTTCTTTTACACTGTGTATTTTGG
Pf3D7_10_v3-1414337-1414596-1A	1414337	1414596	1414370	1414565	259	195	TTAAAGCATTATGAAGAATGGGTTAATAGAAGG	AAAGAAGTGGTTGTTAGAGAATCTTGATTTT
Pf3D7_10_v3-1414599-1414832-1A	1414599	1414832	1414631	1414799	233	168	CAACGTCTATTAATAGTGTTAGGGATTCTAGT	ATTTTTCTTCAGTAATAATATTTGTACCAGGAA
Pf3D7_11_v3-0115913-0116184-1A	115913	116184	115946	116151	271	205	TTCTTATATCAACCTTTTCAAGAGGAACTTTAG	AATAGCTTTACGTTATGATCCAGAAAATAATGA
Pf3D7_11_v3-0119432-0119705-1A	119432	119705	119464	119672	273	208	CTGTAATACTATTTTCATAAGAACTGCTTCCA	AAAACTAGTGAAGGGAATATCAAAGAATATAGA
Pf3D7_11_v3-0408285-0408534-1A	408285	408534	408317	408504	249	187	ACTAATGATCCATATAAAAACGCTCAAAATAT	CATCCTGTGTATCATAATTTTGTTCATTCG
Pf3D7_11_v3-0408543-0408771-1A	408543	408771	408573	408747	228	174	AATAACTTAAATAAAAATATGGAYGGCTCC	GACATTCTTTCAATGCTTCCGAAA
Pf3D7_11_v3-0497277-0497548-1A	497277	497548	497307	497519	271	212	ACTAAAATAGAAAATTTCGAGCAACTTTTC	GCTGATTGAGCAAAAGTAAAAATTTCTTC
Pf3D7_11_v3-1006693-1006917-1A	1006693	1006917	1006726	1006893	224	167	TTTTTATATTTAAAACTGACATGACCAAAAACT	ACTGGATGAAAAGAATCCTCCCAA
Pf3D7_11_v3-1018781-1019053-1A	1018781	1019053	1018814	1019021	272	207	AGGAAGTGAATATATTAGAAATGTCTGAATTTT	ATTTATATTTTAAAGGTGCATGCTATTTTTGT
Pf3D7_11_v3-1019050-1019319-1A	1019050	1019319	1019079	1019287	269	208	AAATAAGAATGTCTTAACACAACAAAGGA	ATGTGAAGAAGAAAATATGATTACACATGAAT
Pf3D7_11_v3-1127074-1127316-1A	1127074	1127316	1127104	1127294	242	190	GTCTTCTTAAGAAAAGGAAACAAACCATTT	CGGCATTTAGCTCGATATTGGT
Pf3D7_11_v3-1293919-1294168-1A	1293919	1294168	1293944	1294136	249	192	GGAAGAGGACAGAATTATTGGGAAC	AATTACTTCTTTCTACTATTTCAATGCTTGAA
Pf3D7_11_v3-1294664-1294910-1A	1294664	1294910	1294691	1294888	246	197	GAAACAGCATGTTTTGTTTTAGACCAG	TGTTTAGGTTGATCCGAAGCAC
Pf3D7_11_v3-1295103-1295335-1A	1295103	1295335	1295136	1295311	232	175	AACATGTTTAATTAACAATTCATCATACATTGC	GGTCACATGGGCATTTTAAACTGT
Pf3D7_11_v3-1295371-1295597-1A	1295371	1295597	1295398	1295564	226	166	GTATGTAAATGTGTAGAAAGAAGGGCA	TCATCCATTTTATCATATTTTTCAGCATTTCCT
Pf3D7_11_v3-1374917-1375148-1A	1374917	1375148	1374947	1375115	231	168	GTACCATCAACACTATATGCAAACATTTTC	GAAAATTATTAGAAGAACATCCAAATGAAGAAG
Pf3D7_11_v3-1375807-1376056-1A	1375807	1376056	1375840	1376024	249	184	ATTTGATACACCATTGTCTTGGATATTATTTTG	AGAAGAATTTATGGAAAGGATCTACTTAAGAA
Pf3D7_11_v3-1376058-1376305-1A	1376058	1376305	1376087	1376276	247	189	CAAAATTATTCATCATGCTATTTGTGCCA	AACTGTAGAAGAGCATTCTTTAAGTAGTA
Pf3D7_11_v3-1816152-1816378-1A	1816152	1816378	1816179	1816346	226	167	ATCTTTTTCGTTGTATGTGCATAATCA	AAACATAATTCTAATGATATTGACCTTGTGCA
Pf3D7_11_v3-1934962-1935236-1A	1934962	1935236	1934990	1935203	274	213	ACTTTCGGTGTTTTTCTGGTATATCATT	AAAAGAAAGWAAACAAAAAGCACTAAATCTTAT
Pf3D7_12_v3-0063081-0063314-1A	63081	63314	63114	63281	233	167	GCTATCCACTTCTTACAACGTGATAAATTATTT	AACACATTTATCTTATTTACCCGTATCTCATAT
Pf3D7_12_v3-0233418-0233671-1A	233418	233671	233446	233639	253	193	TCTAAATTCTGTCCCTTCACCTAAAGTT	ATTCTGATGATATATGTGATGACATTTTTGAT
Pf3D7_12_v3-0529495-0529767-1A	529495	529767	529527	529735	272	208	AATGGATTAATGTTTTCTACTTTTCCTTTAGC	TGTCTTGTTATCATTGGCTTTTTCATTGTATA
Pf3D7_12_v3-0659881-0660127-1A	659881	660127	659903	660096	246	193	CATATGTTGCTGGGTCGACTTT	GCTTTTCTTGAATCACAATCAATGAATAAGA
Pf3D7_12_v3-0684011-0684240-1A	684011	684240	684044	684207	229	163	TCAGGAATTTACCATTAATATCAATTATTGGTC	TTGATCCTTTATTTCTTTTGAAAACTTTTCTTG
Pf3D7_12_v3-0857050-0857323-1A	857050	857323	857083	857293	273	210	AAAATCCTTCTTTTCCAACTGTCATATATATAC	TCTTTGACATTTTTCAAAAACGACATACTG
Pf3D7_12_v3-1959644-1959891-1A	1959644	1959891	1959669	1959858	247	189	AATCGGTGGCAAGGTTTACAATATT	TCTCAGAAATAATAGTGGAACCATAATATTGTA
Pf3D7_13_v3-0146695-0146934-1A	146695	146934	146725	146904	239	179	GGTATTACTCAACCAAGAAAAATAGCTGTA	ATCCATATTTATACTTCTTTCATGTGCTTC
Pf3D7_13_v3-0156456-0156685-1A	156456	156685	156487	156652	229	165	ACAGATATGGATTTTTCCATATCTATTGAAC	GAATGTTTTAACAATATAGGTGTGTCATATCTG
Pf3D7_13_v3-0156713-0156986-1A	156713	156986	156746	156956	273	210	TCAACAAAATAGATTAATGAGCAATTCTAACTT	GAGTAACATAATTGTTCTACCTCCTAAAGC
Pf3D7_13_v3-0388138-0388408-1A	388138	388408	388171	388378	270	207	TTTAAATTTTCATCCTTCATTACATCCTTTCTA	AGTCTATAAATCAATCCAACTCAAAACAGC
Pf3D7_13_v3-0479569-0479811-1A	479569	479811	479602	479778	242	176	ATGTTTAATATGAATGTACCTGGTGATAATATG	ATTTTCTCTGTCTTTCAAAATAGCTAATTCATC
Pf3D7_13_v3-0815862-0816091-1A	815862	816091	815895	816058	229	163	ACATTCACACAAATAGAAAAATCTTCATTTTTC	ATCAATAATCAAAATCATGATAACAACCAATTT
Pf3D7_13_v3-0852647-0852921-1A	852647	852921	852680	852897	274	217	GCTTTCAGATTTGAAACTAATGATTTGATTGTT	TGACTTGCACTTTTTCCATCGAAT
Pf3D7_13_v3-0911757-0912005-1A	911757	912005	911783	911974	248	191	ACTACATGGGCTTCCAAATAAACATG	ACAACCAAACCTAGTAATAGTAGAAGTAAAG
Pf3D7_13_v3-0935613-0935884-1A	935613	935884	935645	935858	271	213	AAATTCAATAACATGAATGATGACTACTCCAA	TCTAGAACAATACTTGCCCTTTCTCT
Pf3D7_13_v3-1004740-1005002-1A	1004740	1005002	1004773	1004969	262	196	TTTAATGATGTTAATACAAAATCTGCATCTTTT	GAAAAAGATACAAATATAACATACCCTTGGTAT
Pf3D7_13_v3-1041593-1041860-1AB	1041593	1041860	1041625	1041829	267	204	AGATTATTGGTTTAGGTGGTGTATTAGATACA	GGTGATGCATGTAAGTTTACAATTTCTAATG
Pf3D7_13_v3-1146764-1147010-1A	1146764	1147010	1146789	1146982	246	193	CAGCAAAGATGGAGAAACATTCTCT	GGTTTTGTTTCAATTTTTCTTGGTGGTA
Pf3D7_13_v3-1233093-1233332-1A	1233093	1233332	1233118	1233299	239	181	GTGTGGGTTCCTCACAAATGTTATT	GTGGTGCAAAGATATTAACGTATTTATTAGAGA
Pf3D7_13_v3-1265494-1265726-1A	1265494	1265726	1265527	1265694	232	167	AGTGCTAATATAATTACAAAAACATTTTCGTTC	TGTTTTTGAAAATAATATTCTTCCTCCCTGAT
Pf3D7_13_v3-1350855-1351093-1A	1350855	1351093	1350888	1351062	238	174	ACTTTTATGTATATCGTTTCGATTTAGGTCTTC	ATCGTATGAGAGGTATGTTAGGTAAAGAAAA
Pf3D7_13_v3-1406713-1406975-1A	1406713	1406975	1406746	1406947	262	201	CCATTGTTAGGATATTCTTTTGTTTCTTCTTTC	AATGATGACAAATTGAGTGAAAATCCTG
Pf3D7_13_v3-1419363-1419626-1A	1419363	1419626	1419396	1419601	263	205	TCTTTAGAATTTAAAACGAAGTCTTCATATTCT	GGTAAAGGCACAAAGTGAAACAGAT
Pf3D7_13_v3-1465616-1465890-1A	1465616	1465890	1465639	1465870	274	231	CCTTCTTCTGGATTTGGTGAAGG	TGTGGTGTTTGGGACGAATG
Pf3D7_13_v3-1465901-1466157-1A	1465901	1466157	1465926	1466124	256	198	TTTTCTACTTCAACACAAACAGCCT	CAATTAGTTGTTATATTAACAGATGGAATTCCA
Pf3D7_13_v3-1876391-1876664-1A	1876391	1876664	1876422	1876636	273	214	ATGTGCACTATCATCAACTAAAGAAATATCT	ATGTTTTCAAGAAGGAAAAGAAAAAGCC
Pf3D7_13_v3-2114242-2114482-1A	2114242	2114482	2114272	2114454	240	182	TCTACTGAGGCTTCATGTAAGATATCAATT	TTGTAGTTCCACAATCATCTGGAATTTT
Pf3D7_13_v3-2114829-2115090-1A	2114829	2115090	2114855	2115057	261	202	GGATTTCGTATTTTCTGACATGGCAT	AATACTTGAAGAAAGGTTAAATACCGTATTAAA
Pf3D7_13_v3-2545065-2545291-1A	2545065	2545291	2545092	2545258	226	166	AGCTATCATTACATGCTGACACAATAT	GATTAGTTGTGGAGATGATAAAACTATCAAATT
Pf3D7_14_v3-0106867-0107115-1A	106867	107115	106894	107084	248	190	CATACAACATCAACAAAAACTTCCACA	ATTTTCTCTTCATTAKCTAAAGGTATACATG
Pf3D7_14_v3-0120101-0120365-1A	120101	120365	120134	120332	264	198	TTCCATTTTTACATTTACATATAACTCCAACTC	AGAAATGTACGAATTTTAAATGAAGAAAAATGT
Pf3D7_14_v3-0137398-0137668-1A	137398	137668	137431	137636	270	205	TTTCTTAATTTCTTTACTACCATATTCCATTCA	ATGAAGATGAGCAATTTTGCTTATTTATATGT
Pf3D7_14_v3-0279563-0279833-1A	279563	279833	279591	279800	270	209	CCATTACTACCAAAAACATGGAAACCTA	AGTAATTATATTTCCCATTACTTATGGGAAGTT
Pf3D7_14_v3-0377765-0378020-1A	377765	378020	377798	377992	255	194	ATTCTTGTAGAATATCAAAAGAAATTCGTAACA	TTGCACAATAATGGAAAAAGAAAATGCA
Pf3D7_14_v3-0407306-0407542-1A	407306	407542	407339	407509	236	170	CATAAATCCGTTTTAATGTTTTCCTTTTATACC	CATCTAATACAAACATGAGTAACTTGGTTAATT
Pf3D7_14_v3-0421322-0421547-1A	421322	421547	421355	421514	225	159	CCTTTTCTCGATTTTTCAGTAAATTAAATCCTT	CTTCCTTGTAATGATTCTATAGTATCAAACAAA
Pf3D7_14_v3-0771407-0771633-1A	771407	771633	771433	771601	226	168	TCCCGAAAACATATCACTAGATCCAT	AAAAATTAAACATGATGCCACATTTTAGTAGT
Pf3D7_14_v3-0921176-0921432-1A	921176	921432	921209	921399	256	190	AGGATGAAAAATATAATAATTTGTGTACTTGGA	AAGAATAATACGAAAAATTAACCATAACCATCA
Pf3D7_14_v3-1038300-1038538-1A	1038300	1038538	1038327	1038505	238	178	AAAATCTTCATCAACTCTTTGGTTCGA	ATCATTGTACACAACATTTTAGATCTTATGTTA
Pf3D7_14_v3-1166107-1166371-1A	1166107	1166371	1166135	1166338	264	203	AGAATGGGATGGAAAATATGTATTCGAT	TTTTTGATCTTCTACAGATATGGACAAATTAGT
Pf3D7_14_v3-1392837-1393086-1A	1392837	1393086	1392870	1393059	249	189	TCTTTATATTAGTACCATGAACATCTACCCTAT	GCACTACGAAACAGATGTTTTGAAATT
Pf3D7_14_v3-1816910-1817184-1A	1816910	1817184	1816941	1817151	274	210	ATTTATGGAGACACAAGATGTGTCATTTATA	ACGAACATATGAAAAATAGTAACAAAACAAATA
Pf3D7_14_v3-1992121-1992370-1A	1992121	1992370	1992154	1992347	249	193	TTTTCATGAAAGGAGTATCCAATAAATGATTTA	GCACTTACCACGAAAAGGGATAA
Pf3D7_14_v3-2004362-2004606-1A	2004362	2004606	2004395	2004574	244	179	TTGCTACATATGTTTATGTGTAAAGGTTAATAT	CAGAAACTTGATGAACAATCAAAGAATATAGC
Pf3D7_14_v3-2020604-2020849-1A	2020604	2020849	2020637	2020823	245	186	CTTGGATTTCTTAGATTCATTATTCCATTCATC	ACATTGAATAACGCTCAGCATAGTAC
Pf3D7_14_v3-2260533-2260765-1A	2260533	2260765	2260556	2260737	232	181	GCATATGCAACCATACCACCAAT	ATTGTTTGTGGAACACATACAGTATTGA
Pf3D7_14_v3-2355614-2355853-1A	2355614	2355853	2355646	2355820	239	174	AAAACATCATATGAAGCATATCAAGAACAATC	TGACATAATAATATCGTTTTTGGATTGTATCCA
Pf3D7_14_v3-2695837-2696082-1A	2695837	2696082	2695870	2696052	245	182	AAAGAATTATTATTGTTCGTTTCGTTTGAAATT	TAGCGATATGCAAAGAATAACATCAAATGT
Pf3D7_14_v3-2733345-2733593-1A	2733345	2733593	2733378	2733564	248	186	GCAAAAATGAATATAGGTGGCGATATAAAAGTA	AATTCTTATTGTAGATGAAACGGTTTTGA
Pf3D7_14_v3-2733630-2733895-1A	2733630	2733895	2733663	2733871	265	208	ATGAATGATACTATATATGTTGATTGTTCATGG	TCTATTCCCTTGGTCAACCTTCTT
Pf3D7_14_v3-2858894-2859160-1A	2858894	2859160	2858926	2859127	266	201	AATAATTATACATCTTTATTTGGACACCGTGT	AGTTTCAATATCCATCATATCATCAACAATAAT
Pf3D7_14_v3-3124416-3124655-1A	3124416	3124655	3124442	3124626	239	184	CAAGTGAACAACGACCTGCTTATAAT	CCATTTTTCCATATCCTGGTTGTTCATTA
Pf3D7_14_v3-3125801-3126073-1A	3125801	3126073	3125830	3126040	272	210	CAGGTTGTTGGGAATTTAACATTACAAAA	AAGACTTCTTCTTTTCAAATCTAATAAAATTGC
Pf3D7_14_v3-3214249-3214516-1A	3214249	3214516	3214282	3214486	267	204	AATCTAATTCATTTATGGAATCATACACTTGGT	AATTTCTTATATCATCAATTGATGGTTGCC
PmUG01_12_v1-1397996-1398245-1AB	1397996	1398245	1398021	1398213	249	192	CATTTCAATAATAGCAGCAGCTGGA	ATCACAAAAATTAAATGTTTGTCCAAGAGATG
PocGH01_12_v1-1106456-1106697-1AB	1106456	1106697	1106483	1106671	241	188	GTGGAGCATATCAAAACCTTTTTCAAA	CATGGCAATAAAATGGTTGTGTTGAA
PvP01_12_v1-1184983-1185208-1AB	1184983	1185208	1185008	1185184	225	176	CCTCTAGTAGAGTGGAACAAACAAG	AGGTACATCACAGTTGGAGGTATC
Pf3D7_01_v3-0194742-0194973-1B	194742	194973	194764	194942	231	178	GGAAATGACCAAGACGTGAACC	TGTTTGAAAAGAACTCTAGCCCTTTATTATC
Pf3D7_03_v3-0221185-0221419-1B	221185	221419	221218	221388	234	170	AATTAATCGCAAACGTAATTAAATATTCACAAA	AAAAATTTGTAAAATGGAAAAATGTTCCAGT
Pf3D7_03_v3-0221463-0221712-1B	221463	221712	221485	221679	249	194	TAGCAGAGCCAGGCTTTATTCT	AATGCAAATCCTAATAAAAACAATCAAGGTAAT
Pf3D7_03_v3-0980765-0980997-1B	980765	980997	980797	980964	232	167	GGAAATCATCATAGATAACACTATTGCCTATT	ATTCCAATATAATGACGATGCATCTATTATTCT
Pf3D7_03_v3-0981574-0981823-1B	981574	981823	981607	981797	249	190	TTTACAATATCTGTTTCTTCATTATAAGCACAC	TTCCAGACAACAAATGTGATCTTTCA
Pf3D7_03_v3-0981921-0982191-1B	981921	982191	981946	982163	270	217	AGATTCACAATCATTTGGACGTTCA	AGGATGTAATGATTTGCTTTTGACGAAT
Pf3D7_03_v3-0982299-0982523-1B	982299	982523	982332	982491	224	159	GTTTATATTATTACTATTTGTGTGTGGATCTGT	ACTTCAGATAAGAATTCACATCTTCATTCTAA
Pf3D7_04_v3-0748105-0748359-1B	748105	748359	748129	748326	254	197	CGACGTTTTCGATATTTATGCCAT	TCATTTACATTATCCACAGTTTCTTTGTTTAAA
Pf3D7_04_v3-0748374-0748611-1B	748374	748611	748407	748581	237	174	AAAAATTACAAAATGTTGTAGTTATGGGAAGAA	TCTAAAAATTCTTGATAAACAACGGAACCT
Pf3D7_04_v3-1077327-1077562-1B	1077327	1077562	1077360	1077536	235	176	TGGAAATGATAATAATTTCGCTGAGTGTTATAT	TTTTTATCCTTGCAGTAACCCCTTTT
Pf3D7_04_v3-1082776-1083049-1B	1082776	1083049	1082809	1083016	273	207	TTTGTTGTAAAATATTTGTCATATCTGATAGGT	ACGTTTAAAAAGATGATGGATGAATATAATACA
Pf3D7_04_v3-1083095-1083331-1B	1083095	1083331	1083127	1083298	236	171	ACTATCTGTATCTTGTATACTATCTTCTACCT	GCTGTAGATGCTTTTATTAAGAAAATAAATGAA
Pf3D7_04_v3-1083411-1083668-1B	1083411	1083668	1083443	1083635	257	192	TGAGGTATTATAACAAAATCCAAATGTCCTTC	TGATGGTTTAAAATATTTGTTTATTCCTTCTCA
Pf3D7_05_v3-0958079-0958350-1B	958079	958350	958106	958317	271	211	GCTGTATTATCAGGAGGAACATTACCT	TCAGATCTTAATTTAGATCCAGGATTATTATCA
Pf3D7_05_v3-0958372-0958608-1B	958372	958608	958395	958580	236	185	AGTGAGTTCAGGAATTGGTACGA	CCCATTAAAGCCTCTTCTATAATGGACA
Pf3D7_05_v3-0958920-0959168-1B	958920	959168	958953	959135	248	182	TGAAAGCTTTAGAAGCAACAAATAGTTTATATG	CAATTAATTTTAGTATGGTTGATTTCCCACAAC
Pf3D7_05_v3-0960810-0961048-1B	960810	961048	960842	961021	238	179	CAGATGATGAAATGTTTAAAGATCCAAGTTTT	AATTAAGAAGGATCCAAACCAATAGGC
Pf3D7_05_v3-0961511-0961758-1B	961511	961758	961544	961730	247	186	AAAAATGTAAATGAATTTTCAAACCAATCTGGA	ATAGCAGCAAACTTACTAACACGTTTAA
Pf3D7_06_v3-1214815-1215069-1B	1214815	1215069	1214846	1215036	254	190	AACTTGTAATATTACGCTTCTAAATGTTGAT	TTCTTAATCTTTTCCTTATTCTCCTTATCCATA
Pf3D7_06_v3-1215236-1215502-1B	1215236	1215502	1215268	1215479	266	211	ACAAAACCAAATGACAATCCAAAATCTATAAT	TGGTGGTGTTAGATCTAGTACGG
Pf3D7_06_v3-1215495-1215756-1B	1215495	1215756	1215516	1215727	261	211	CACCACCAGGTGTAAATCGAC	AAAAACGAGTCATCAAAAAGTAGTAAGAA
Pf3D7_07_v3-0403479-0403716-1B	403479	403716	403500	403683	237	183	GACCTTAACAGATGGCTCACG	AAAGAACATAATCATACAAATAAAGTTGTGAGT
Pf3D7_07_v3-0403801-0404052-1B	403801	404052	403834	404021	251	187	ATCTATTCCACCTACCAATATAAAACATTACAC	CAAATGATTGGATATTTCCAGTAGTTCTTGT
Pf3D7_07_v3-0404325-0404590-1B	404325	404590	404358	404564	265	206	AACAATAGCTCTTGTAGAAATGAAATTATCTTT	TCATGTTTGAAAAGCATACAGGCTAA
Pf3D7_07_v3-0404776-0405006-1B	404776	405006	404809	404981	230	172	TTTTTCCAATTGTTCACTTCTTGTCTTATATTA	GTTTCTTCCCAAGAATAAACATGCG
Pf3D7_07_v3-0405334-0405576-1B	405334	405576	405358	405543	242	185	AAAACCTTCGCATTGTTTTCCTTC	ACAATAGTATATGTCATGGTAGAAAATTTGTCG
Pf3D7_07_v3-0405570-0405844-1B	405570	405844	405598	405815	274	217	CTATTGTTAGTTGTATACAAGGTCCAGC	GGTTCTCTTACAACATCACCCTATAAAAT
Pf3D7_07_v3-0896613-0896849-1B	896613	896849	896646	896816	236	170	AATACATATAGAAAAGATGATAGAAGAAGCTCC	TTTTCATATTCTGTCGAGGATAACAATTCAATA
Pf3D7_08_v3-0549583-0549807-1B	549583	549807	549610	549776	224	166	CAGATGGAGGTATTTTTGTTGAACCTA	TTGGTTTCGCATCACATTTAACAATTTTATT
Pf3D7_08_v3-0549960-0550215-1B	549960	550215	549989	550182	255	193	ATGCATAAAAGAGGAAATCCACATACAAT	GGGCAATAAATCTTTTTCTTGAATATCCAATAA
Pf3D7_08_v3-1365709-1365954-1B	1365709	1365954	1365742	1365924	245	182	TTTCTGAATCATCTTTTGGTATTTTTGTTTTCA	ATGTAACAGCATTAGATAAAGGTACTGGTA
Pf3D7_08_v3-1366626-1366856-1B	1366626	1366856	1366659	1366823	230	164	AATCTTCTTAATGATTTTGAATTTTTGGAAACA	AAAAGGAAAAGGTGAACAAAATATTCTTATTTT
Pf3D7_08_v3-1370603-1370853-1B	1370603	1370853	1370633	1370825	250	192	AAATCTGGAATAGGAACAAAGTGATTATGG	GCAACAATGAGAAAATGAATTTGCACAA
Pf3D7_08_v3-1375025-1375284-1B	1375025	1375284	1375057	1375259	259	202	ATTTAAATTAAGTCCTTTTGCATTTTTGCTAC	AAAAATAAAGTATTATCCGCTGCCG
Pf3D7_08_v3-1386795-1387043-1B	1386795	1387043	1386822	1387013	248	191	CATAAGCGTGTTAGTAGTTTCAGTTGT	CTTTGAATGGTGTTCCATTGAAATCAATTA
Pf3D7_10_v3-0490605-0490877-1B	490605	490877	490638	490844	272	206	AATACATATGTTTTTAGATGATGATTTTGAGGG	TCATTACGAGGATTATCATTTTTATCAGAATTT
Pf3D7_11_v3-1902034-1902278-1B	1902034	1902278	1902065	1902257	244	192	AGATTGGACATATGTCTCTTCATTTATCAGA	CTGCCCAAATACCCCAATAGT
Pf3D7_11_v3-1950401-1950636-1B	1950401	1950636	1950427	1950606	235	179	GCATGATGAGAGTTGTGATGAATTCT	GAGATTTACAAACGTCTAAACCATTTTCAC
Pf3D7_11_v3-1968031-1968273-1B	1968031	1968273	1968064	1968242	242	178	CGTATTGTAGAAGATACTTCACATGTTAATAAT	GCACTTTATATTGTCTTTTAGTTCTGGTTTT
Pf3D7_11_v3-2001721-2001954-1B	2001721	2001954	2001754	2001929	233	175	CAGGAAAAAGTTCCTAAAGAATCTAAAAATACC	AAAAACACCTTCCTTCATATGATCC
Pf3D7_11_v3-2001969-2002222-1B	2001969	2002222	2001999	2002198	253	199	AAAAACATCACATAGGAAAGAAGTTGATGA	CTTCTTCATCTCCTGGATTCTTGT
Pf3D7_12_v3-2092529-2092798-1B	2092529	2092798	2092559	2092765	269	206	ATGATTTGTTCATATTATAGGTACCATGGC	TCTTATGACCATTTAATATACATAAAGGATCCT
Pf3D7_13_v3-0748254-0748510-1B	748254	748510	748287	748477	256	190	GGAAATTTTATCATTCCCCATTTCAATCATATC	TGATGATCAAAGTTATTTAGATGAAGAGCAAAT
Pf3D7_13_v3-0958247-0958510-1B	958247	958510	958276	958482	263	206	TTTGATGAATTTGTTGTAACGTTTTGGTT	TCATGTGAAAAATGAAGAGCATGAGAAT
Pf3D7_13_v3-1724895-1725166-1B	1724895	1725166	1724926	1725137	271	211	TGGTGAAAAGAAATGACATGAATTTAGAACT	GGGAACAATTTCCATATGCCTTATTAGAA
Pf3D7_13_v3-1725208-1725471-1B	1725208	1725471	1725232	1725441	263	209	CTCTCACCATTAGTTCCACCAATG	GGTGTATGATCGTTTAAGAGATGTATGGTA
Pf3D7_13_v3-1725464-1725719-1B	1725464	1725719	1725494	1725694	255	200	CATACACCTCAGTTTCAAATAAAGCCTTAT	GCCTTGTTGAAAGAAGCAGAATTTT
Pf3D7_13_v3-1725713-1725955-1B	1725713	1725955	1725741	1725923	242	182	ACAAGGCTTCACTTTCACTTAAATCTTT	CTGAAACTATGATTGATATTAATGTTGGTGGA
Pf3D7_13_v3-1726057-1726304-1B	1726057	1726304	1726090	1726271	247	181	TCGATTTCTTGTAAAAATCTTAATCTTTCTTCA	AAGACACAAATGAATTTTATTCGAGAAAAAGAT
Pf3D7_13_v3-1726723-1726995-1B	1726723	1726995	1726756	1726967	272	211	TTTTTACTATCAAAGTTCGAATCTAATACACTC	GGAAGGAGAAAAAGTAAAAACAAAAGCA
Pf3D7_13_v3-2504481-2504734-1B	2504481	2504734	2504514	2504701	253	187	AATTTACCTGAAGACGTTAAAAATGTAAAGTAC	TTTTTATAACTATCCCATTCGATATCTATACCT
Pf3D7_13_v3-2770621-2770854-1B	2770621	2770854	2770649	2770821	233	172	GCAACACATCGATTTTATCAAAAGGAAA	TTTTTCAATTATCGAGGGTAAACTTATTAGATT
Pf3D7_13_v3-2780346-2780575-1B	2780346	2780575	2780367	2780542	229	175	AAAAATGAGGGCCGGTAGTTC	GTATTTCTGAAGGACTATATATGGAACAATTCA
Pf3D7_13_v3-2814606-2814855-1B	2814606	2814855	2814631	2814826	249	195	GCTGAAAAGGGTCAGTCTTCTAATT	GAGGATTTATTGTTTCCTTATTCCCTTGA
Pf3D7_13_v3-2816310-2816554-1B	2816310	2816554	2816334	2816526	244	192	GGTGGAGAGGTAACACATACTGAT	CTTGTAGAAGGAATAGATACACCATCCT
Pf3D7_13_v3-2840462-2840736-1B	2840462	2840736	2840495	2840703	274	208	AAATCGCTATCCTATAAATTACAAAACAAGAAT	ACACCATTAAATCCATTTAATCGAAGATTAAAA
Pf3D7_14_v3-0283973-0284211-1B	283973	284211	284006	284184	238	178	TGATTTTTATGAAGGACCTTTAACTTATGAAAA	GTAAATCATCGTTATCACAGGTGGTTA
Pf3D7_14_v3-0289301-0289550-1B	289301	289550	289329	289517	249	188	TGTTGACAGTGGTACTAGTTCTATAACG	GTTCAAATCAACAGGTATTATAGATACCATACA
Pf3D7_14_v3-0293575-0293829-1B	293575	293829	293608	293796	254	188	ACAGAAAGGATTTCAAATACTATATGTACTTCT	GTTTTAGTAAGTCCTGAATTAAGAAAATTGACA
Pf3D7_14_v3-0294506-0294753-1B	294506	294753	294538	294730	247	192	GTACCAACTGACTTTTTAAATAAAATGTTGCA	GGGTCACCTAGAATAAAGGTTGG
Pf3D7_14_v3-0297935-0298162-1B	297935	298162	297961	298129	227	168	CCATACAGCTTCATCTAATGTATGGG	ACAATTTCCGTCATTTCAATAAATTTATAGGGT
Pf3D7_14_v3-0860289-0860542-1B	860289	860542	860315	860509	253	194	CACAAGGAAACCTGTATGTGTTACAT	ACTATTACTTAATAAACAAGTCGTAGATGTTTT
Pf3D7_14_v3-0860834-0861066-1B	860834	861066	860866	861038	232	172	GAAATTGGAGATGAAAGTACAGATTCTAGTTC	TTCATAGAAGAGGTAACATCACCATCAT
Pf3D7_14_v3-1956056-1956330-1B	1956056	1956330	1956089	1956301	274	212	ATGATATACATTATCCATCTCATTTGCTTTTGT	GGTATTCTAGTAAAAATTCGGGTGGTATC
Pf3D7_14_v3-2481033-2481276-1B	2481033	2481276	2481065	2481245	243	180	GTTTCATTTTAGATTTACCTTTTTGCGATCTC	GAAATTTACAACTGGAAGGTGAAAAACATAC
Pf3D7_03_v3-0221295-0221532-2	221295	221532	221328	221511	237	183	ACAACTCAAACTAAGATGTGTTCTTTATCTAAT	ACTGAATGGTCCCCATGTAGT
Pf3D7_03_v3-0980853-0981120-2	980853	981120	980886	981092	267	206	ATTACCTGCTGTTGGATAATCATAATAAAATAC	CTGCTCTAGAAATTCAGAGTGTACATTT
Pf3D7_04_v3-0748585-0748822-2	748585	748822	748618	748789	237	171	TTCCGTTGTTTATCAAGAATTTTTAGAAAAGAA	TTTTTCTTCTCCTTTTATACAATTTTGTTCATT
Pf3D7_04_v3-1083299-1083563-2	1083299	1083563	1083332	1083530	264	198	TTCATTTATTTTCTTAATAAAAGCATCTACAGC	TGTGAAAAATAATGAAGACTATAAAAATGTGGA
Pf3D7_07_v3-0403487-0403750-2	403487	403750	403508	403717	263	209	CAGATGGCTCACGTTTAGGTG	TTCCCTTTTTATTTCCAAATAAGGAATAAACAA
Pf3D7_07_v3-0405517-0405773-2	405517	405773	405550	405743	256	193	TCATTTTCTATGCTTTTTATAGATTATCGACAA	AAAATATGATACGTTGTACCATCATAAACA
Pf3D7_08_v3-0550057-0550318-2	550057	550318	550090	550294	261	204	TTCTTGTATTAAATGGAATACCTCGTTATAGGA	ATCCAATTGTGTGATTTGTCCACA
Pf3D7_08_v3-1365750-1365999-2	1365750	1365999	1365783	1365968	249	185	TCTTGTAATGTGTTTTTAACATTATAGCAGTAA	CACAAATCGAAGTTACATTTGATATTGATGC
Pf3D7_08_v3-1366575-1366822-2	1366575	1366822	1366600	1366795	247	195	GCTTGTGCGGATGATGATAATACAC	GATTTAGGAGGAGGAACATTTGATGTT
Pf3D7_08_v3-1370814-1371045-2	1370814	1371045	1370847	1371012	231	165	CCAAATAATATTTTGTGCAAATTCATTTTCTCA	GGTTGCTACAATATAGACAAAAAGAAATTAGTT
Pf3D7_08_v3-1375205-1375450-2	1375205	1375450	1375238	1375418	245	180	TTTCTATTTGCAATTAAAATGCTTACGTTATCT	TTTCACTTCATGTATTTATGTATGCAGAACTT
Pf3D7_08_v3-1386786-1387035-2	1386786	1387035	1386817	1387005	249	188	TTTTTCTAACATAAGCGTGTTAGTAGTTTCA	GGTGTTCCATTGAAATCAATTATTAATGCA
Pf3D7_11_v3-1902041-1902278-2	1902041	1902278	1902071	1902253	237	182	ACATATGTCTCTTCATTTATCAGACCTGAT	CTGCCCAAATACCCCAATAGTTATT
Pf3D7_11_v3-1950431-1950680-2	1950431	1950680	1950460	1950650	249	190	CGCATGGAATAGAAGTTTAGCTGATTATA	CAAAAATTGATCTTCTGTGTCATCTCTACT
Pf3D7_11_v3-1968050-1968296-2	1968050	1968296	1968083	1968268	246	185	CACATGTTAATAATATTAAGGAAAAGGCAATAG	ATATTGAATGAGACATTTTCTTCGCACT
Pf3D7_11_v3-2001725-2001999-2	2001725	2001999	2001758	2001969	274	211	AAAAAGTTCCTAAAGAATCTAAAAATACCAGAA	ATCATCAACTTCTTTCCTATGTGATGTTTT
Pf3D7_12_v3-2092654-2092884-2	2092654	2092884	2092683	2092852	230	169	CTTGATTTGTCATTTAACCCGTGTTATAG	ATCCCATATATTAACAGAAGAATCAAAAGAGG
Pf3D7_13_v3-1725124-1725365-2	1725124	1725365	1725152	1725336	241	184	CCTGAACTTCTAGCTTCTAATAAGGCAT	GGATATGATGGCTCTTCTATTATACCGAA
Pf3D7_13_v3-1725379-1725652-2	1725379	1725652	1725404	1725620	273	216	ATTCTACCATTTGACGTAACACCAC	GTGGATTTGATGGTGTAGAATATTTAAATTCG
Pf3D7_13_v3-1725887-1726123-2	1725887	1726123	1725916	1726094	236	178	GTTGTGTTAAGGTATGTCTAGATGTTTCA	AAAAAGAAAAAGAAGAACATAGGAAACGA
Pf3D7_13_v3-1726174-1726408-2	1726174	1726408	1726207	1726375	234	168	TCATGTAATTTCTGTTCTTCAATATTTTTACGG	ATGATACTTATGAAAAGAAAATTATTGAAACGG
Pf3D7_13_v3-1726884-1727148-2	1726884	1727148	1726909	1727118	264	209	GCTACTACTTCCGCTTTTATCATCA	AGGCGTAAATATTCGTGTTATAATTTCTCC
Pf3D7_13_v3-2770591-2770863-2	2770591	2770863	2770623	2770830	272	207	AAATATTTAGAAAACAATTTGAAAAGTGTGGC	ATTAATACATTTTTCAATTATCGAGGGTAAACT
Pf3D7_13_v3-2814583-2814832-2	2814583	2814832	2814616	2814807	249	191	CTATACCAATTACTCATATAGAAGCTGAAAAGG	CCTTGATTAGAGTCCTCATTTGCAT
Pf3D7_13_v3-2840447-2840746-2	2840447	2840746	2840474	2840721	299	247	ACAAAGACAGTAGAAAAATCGCTATCC	CGCATCACTTACACCATTAAATCCA
Pf3D7_13_v3-2841390-2841688-2	2841390	2841688	2841411	2841661	298	250	ACCTGCATGTGCTTGACTTTC	AAAAATAAAATATTATCCGCTGCCGTT
Pf3D7_13_v3-2844334-2844629-2	2844334	2844629	2844355	2844599	295	244	ATGCTAGGTGTATACGCACAG	AACCTTATGAGACCCTCCTTTATATTTATC
Pf3D7_14_v3-0294503-0294768-2	294503	294768	294535	294741	265	206	ACTGTACCAACTGACTTTTTAAATAAAATGTT	TATTTTCTCATGAATGGGTCACCTAGA
