amplicon	amplicon_start	amplicon_end	ampInsert_start	ampInsert_end	rev_primer	amplicon_length	ampInsert_length	fwd_primer	amplicon_new
Pf3D7_01_v3-145388-145662	145388	145662	145421	145630	AAAATGTCCAATATGTCAAGGTATATTAAAGT	274	209	CCTGAGTTTTAAGTGAATGAATATATTTTTGTT	Pf3D7_01_v3-145388-145662
Pf3D7_01_v3-162867-163115	162867	163115	162889	163092	TGTGTGCTTTGTCGTTGATTCAT	248	203	TACTACCGATCATCAAGCCGAA	Pf3D7_01_v3-162867-163115
Pf3D7_01_v3-181512-181761	181512	181761	181545	181729	TAGTTTAAATCTATACTTGTCTCACCTGAACA	249	184	CTTTTCATATTTGTCTATTAGCTTTTTCAAACC	Pf3D7_01_v3-181512-181761
Pf3D7_01_v3-455794-456054	455794	456054	455827	456021	GTGTTTCATTATTTTAGACACATTCAGGAATTT	260	194	ACAATGTAGAACAATATATAAAACTGGAAAAGA	Pf3D7_01_v3-455794-456054
Pf3D7_01_v3-528859-529104	528859	529104	528890	529073	AATCATTTTATCCCACTTATTTATCTCGTCT	245	183	CTTAGTTTAGATTTGCCTACAATATTTGCAC	Pf3D7_01_v3-528859-529104
Pf3D7_01_v3-535965-536239	535965	536239	535995	536206	CTTTGACAATCATCCAACATGTAAGTATATAAA	274	211	TGGTTTAATGTGTTAGTAGAAGAAAAAGCA	Pf3D7_01_v3-535965-536239
Pf3D7_02_v3-290580-290821	290580	290821	290611	290789	ACTTTTAAATATGGCACATAATCCAATAGATG	241	178	AAGCATCATTTTCCTTATCATTATAATGAGG	Pf3D7_02_v3-290580-290821
Pf3D7_02_v3-291770-292017	291770	292017	291802	291984	AGTAGAAATCGTCGAAGAACATATACATAAAAT	247	182	TGCTAGAGGCATATAAAGAACTTTTTAAAGTC	Pf3D7_02_v3-291770-292017
Pf3D7_02_v3-470437-470709	470437	470709	470470	470676	GTATGTATTATACCCTCCATTTGATTATTCTCT	272	206	ATTTTCAAAGGTTCAAAAATATATGAACATGAA	Pf3D7_02_v3-470437-470709
Pf3D7_02_v3-503040-503288	503040	503288	503072	503260	CATCACGATATTGATGTGTACTATGGTC	248	188	AGTACACATATCGTTATGATCCTTAATTAAAC	Pf3D7_02_v3-503040-503288
Pf3D7_02_v3-628941-629172	628941	629172	628974	629143	AATTATCTTACACCAACAATGAAGGTGAA	231	169	GTGATTTTCTCTTTTGTGATAATCTTGAAAAAT	Pf3D7_02_v3-628941-629172
Pf3D7_02_v3-630641-630907	630641	630907	630674	630874	AGGTATATATGGTAGCAATTCTATAAATTGGTT	266	200	ACATAACGAAGAATATCTATTCGTATAGGTTTC	Pf3D7_02_v3-630641-630907
Pf3D7_03_v3-85507-85756	85507	85756	85540	85723	TGGAAGATGAATATTATGATGTAAATGATGAAA	249	183	TCCTTTAATTTTTCTTTCATCAAATTTAACCAT	Pf3D7_03_v3-85507-85756
Pf3D7_03_v3-515418-515657	515418	515657	515441	515629	GCATATGTTCCCAACCTTCATTAACTTC	239	188	GATCTATTCCAGGAGCATCAAGG	Pf3D7_03_v3-515418-515657
Pf3D7_03_v3-653961-654206	653961	654206	653994	654177	CTTTATGTATTTTTCAAAAATCGGCACGT	245	183	GTAACAAAAATTTCACCTAACGGTATATTTTTA	Pf3D7_03_v3-653961-654206
Pf3D7_03_v3-855426-855697	855426	855697	855456	855664	CGTTTTCAATTAATTGTATTGAGAATTGTACAA	271	208	ATGAGGTATCAAAACACAATAATACGATTC	Pf3D7_03_v3-855426-855697
Pf3D7_03_v3-891553-891827	891553	891827	891586	891794	ACATATCCATAGCAGAGTCTTCTTATTTCTTAT	274	208	GTCTTGTTTGTTTGTTATGATATGTTCTTTATT	Pf3D7_03_v3-891553-891827
Pf3D7_04_v3-109939-110184	109939	110184	109962	110151	GTGTTATGTTAAGCAATAAAAATTTTCATAGCA	245	189	CTTTAGGTACACCTGCAAGTACC	Pf3D7_04_v3-109939-110184
Pf3D7_04_v3-115455-115684	115455	115684	115484	115652	AAGAAATTTATCAGAGTTACAAAAGGGAAATC	229	168	TTTTAGTTTCGGTATTTTGTGTTCCTCTT	Pf3D7_04_v3-115455-115684
Pf3D7_04_v3-133581-133830	133581	133830	133613	133801	AGAAGAGCACAAAAGAGATGAATATCAAG	249	188	ATTTAATCTTTTACCAGCAGTAGAAACTACAT	Pf3D7_04_v3-133581-133830
Pf3D7_04_v3-133928-134154	133928	134154	133961	134121	AGAACATAATTATGATAAAAAGTATAGGGACGT	226	160	ATTTGAACTTTGACTTTTCCAAATATTGTTTTA	Pf3D7_04_v3-133928-134154
Pf3D7_04_v3-140317-140548	140317	140548	140350	140516	ATTATTATTATTTTCATCTTGTGTGTCTCCAT	231	166	TGATAATATATATGCTAAGGAAAAGGAAATTCG	Pf3D7_04_v3-140317-140548
Pf3D7_04_v3-141741-141990	141741	141990	141762	141957	TCTAATTCTTTATAAAGATCAAGCATTTGTCTG	249	195	ACCATGCTGATGATACACGTG	Pf3D7_04_v3-141741-141990
Pf3D7_04_v3-284121-284364	284121	284364	284154	284333	AAAAATTCAACGAAAATAAAAGGTTGTTCTT	243	179	TTTGTATATCGTTTGATTTGTTTGTAAGATGTC	Pf3D7_04_v3-284121-284364
Pf3D7_04_v3-316593-316858	316593	316858	316624	316825	CAATGAAATATGTGTTAGACCTACAAATTCTTC	265	201	AGAATGTATATTTTGATGCCGAGTTGATAAT	Pf3D7_04_v3-316593-316858
Pf3D7_04_v3-544454-544718	544454	544718	544487	544685	GTGTCTGTATTTAATAAATGATTATCTGGGTTA	264	198	TGAAAGAGAAATATAATATACAACAGGAGGAAA	Pf3D7_04_v3-544454-544718
Pf3D7_04_v3-648065-648332	648065	648332	648097	648299	TTTCCCTTGATACAATTTAATAAAAAGGGAATA	267	202	AAGATTGATTAAATTTCACATTATACCTTCCA	Pf3D7_04_v3-648065-648332
Pf3D7_04_v3-900526-900759	900526	900759	900559	900729	TGAAAATAAGGTAGGTGAAGAAAGAGAACT	233	170	AATTCATGGTAAATATTATCTCCATTTTGATCA	Pf3D7_04_v3-900526-900759
Pf3D7_04_v3-1005938-1006187	1005938	1006187	1005971	1006155	AATTCTTATGGAACAAAATTCGAATCAGGATA	249	184	ATCATCATGAATATGTTTTCCTGATACATAAAT	Pf3D7_04_v3-1005938-1006187
Pf3D7_04_v3-1037644-1037891	1037644	1037891	1037677	1037859	TGACATAAATTACTACGTCATAGGTATTTGGT	247	182	AGTTAATGAAATAGCTCAACTTAATTTAACCAT	Pf3D7_04_v3-1037644-1037891
Pf3D7_04_v3-1113397-1113639	1113397	1113639	1113422	1113612	CACTAAACGTAGCATGCTCAGATATTA	242	190	ACAGCATTAGATACGGTTTTCCATC	Pf3D7_04_v3-1113397-1113639
Pf3D7_05_v3-213027-213251	213027	213251	213060	213219	AAAAATAAAAGGAACAATGTAATGGTTGAAAA	224	159	TTTATCCTTATCATTATTTCCATCATTTTCTGG	Pf3D7_05_v3-213027-213251
Pf3D7_05_v3-350808-351052	350808	351052	350841	351019	GAACAGTTCATATATATAATTCAACAACAGCCA	244	178	AAAGCATCATTTTGCTCATAATTATATGTATGA	Pf3D7_05_v3-350808-351052
Pf3D7_05_v3-369676-369949	369676	369949	369706	369916	TGACCACATGTCTATATTACTATGATGATTATT	273	210	CGAGAATTATGCCTCCTATAATCATAGTGA	Pf3D7_05_v3-369676-369949
Pf3D7_05_v3-395887-396136	395887	396136	395920	396103	ATTGAACTCTTTGATATCTCAGAAAAATTCTTT	249	183	ATTTGATACAGGATGTGAAATTTTTGCATTATC	Pf3D7_05_v3-395887-396136
Pf3D7_05_v3-550803-551072	550803	551072	550835	551043	CAAGTTCAAAATATCCGAAGAGAAACAGA	269	208	ATTCAAATGTATATTGTTCTCCTCATAAGAAC	Pf3D7_05_v3-550803-551072
Pf3D7_05_v3-641131-641404	641131	641404	641163	641373	CGTGTATGTAGGAAATAAATTGTGTTCACAA	273	210	AACGTGCTACATATTTATAAATTCACTAAAGA	Pf3D7_05_v3-641131-641404
Pf3D7_05_v3-668763-669004	668763	669004	668788	668979	CCAACGTTTCTTCGATCAAATGATT	241	191	TAACATGACCATCCCTTGTGATACT	Pf3D7_05_v3-668763-669004
Pf3D7_05_v3-796518-796759	796518	796759	796551	796728	AAAACTACCATTTAATCCTGATAGAATAGCA	241	177	CGTTAAGTAGTACCTTTGGTTATTTTATGTTAG	Pf3D7_05_v3-796518-796759
Pf3D7_05_v3-1188456-1188706	1188456	1188706	1188489	1188673	AATATAGGTTTAAATATAGATGCAGAGATTGGT	250	184	TCTTTAAATAAAACTAACACATCTAATGCACCA	Pf3D7_05_v3-1188456-1188706
Pf3D7_05_v3-1322099-1322341	1322099	1322341	1322132	1322313	ATCAGCAACGATAGTACAAATTGAATGA	242	181	TTTTCTATTGAATCCATGAAATAGGAATATGAA	Pf3D7_05_v3-1322099-1322341
Pf3D7_06_v3-145285-145531	145285	145531	145318	145502	CAAGGAAGGTAGAATATCAAATACAAGGG	246	184	GCTATCTTTTATAAATGTACCACTATTAAACCA	Pf3D7_06_v3-145285-145531
Pf3D7_06_v3-176108-176338	176108	176338	176139	176305	TGCTCAAAGTATGATAAAAGGTATATTTAATCC	230	166	ACTTCTCCTTTAATTGAAAATGTTTTCACAC	Pf3D7_06_v3-176108-176338
Pf3D7_06_v3-416462-416720	416462	416720	416487	416688	AATTTCGTTATAAAAACTCTTTTGCTCTGAAA	258	201	CGCATCGAAACTTAATTTGAGTACG	Pf3D7_06_v3-416462-416720
Pf3D7_06_v3-532166-532407	532166	532407	532195	532380	TGGTATATTGTTTATTGGGATCCCCTT	241	185	TGATCAAGCTGAATCTATCCTATTGGATC	Pf3D7_06_v3-532166-532407
Pf3D7_06_v3-851492-851765	851492	851765	851516	851740	GAAAGGAAGATATTATGCCACTGCA	273	224	ACACTGACATTTTACTGCACCTTC	Pf3D7_06_v3-851492-851765
Pf3D7_06_v3-1115900-1116168	1115900	1116168	1115932	1116136	ACTCAAAAGAATTAATAAACACTGACATGGTA	268	204	ATCTACATATTCTATAGGACAGTAAGATCTCA	Pf3D7_06_v3-1115900-1116168
Pf3D7_06_v3-1128558-1128797	1128558	1128797	1128591	1128771	AAAAATTCACCTAACTTGTCATCAGC	239	180	GTTTTCTTTTTCATGTGTAACAGGATTATAAGT	Pf3D7_06_v3-1128558-1128797
Pf3D7_06_v3-1135605-1135855	1135605	1135855	1135638	1135827	GCATTCAGAATTCCTCCAATAATAGAGT	250	189	ATCAGTTTTTAGATTTCCATTAGTTCCATTTAC	Pf3D7_06_v3-1135605-1135855
Pf3D7_06_v3-1136091-1136364	1136091	1136364	1136122	1136332	TAATGATTTGGAATATACTACTTGTGCCAATC	273	210	ACTTACATTGTCGTTGCCTTTATTTTTATTA	Pf3D7_06_v3-1136091-1136364
Pf3D7_06_v3-1140900-1141174	1140900	1141174	1140925	1141141	AGATAGGTGAACATAATAATATGCAAATACATT	274	216	TCCTCTCAATACTCTCAAAACACGA	Pf3D7_06_v3-1140900-1141174
Pf3D7_06_v3-1192628-1192867	1192628	1192867	1192660	1192836	AATGATATCGTTTTTACCACTGAAATACCAA	239	176	AAAAGTATAAATAGAATGATCGAATGTGTTCA	Pf3D7_06_v3-1192628-1192867
Pf3D7_06_v3-1197245-1197515	1197245	1197515	1197278	1197483	TTGAAGTATATTTTAGGAAGTGTCCATTCAAC	270	205	ATTAATAATGGTCCTTCTATTACCATTAAAGGT	Pf3D7_06_v3-1197245-1197515
Pf3D7_06_v3-1235395-1235658	1235395	1235658	1235428	1235625	ACACCCTTTTCATATTCATTCAAAATACTTCTT	263	197	ATTTGATTCTGAAGGAAGCATAAAATATAAAGA	Pf3D7_06_v3-1235395-1235658
Pf3D7_06_v3-1282656-1282930	1282656	1282930	1282688	1282898	TCGTATAAGTAGAAATATTTTTCTTTCGGTGG	274	210	ACAAGTGAGGAGTTATTTTTAGAGAAATTAAA	Pf3D7_06_v3-1282656-1282930
Pf3D7_07_v3-105172-105442	105172	105442	105201	105414	GCCCATGGATTATTTGAAGAAATTGAAA	270	213	CATGAGTACTGTGTTCTTTCTTATGTTCT	Pf3D7_07_v3-105172-105442
Pf3D7_07_v3-432832-433091	432832	433091	432856	433064	TACAATTGTCAGGACACGAAAATCATT	259	208	AGGACATATGAGTTGCCCTTTAGA	Pf3D7_07_v3-432832-433091
Pf3D7_07_v3-475313-475545	475313	475545	475344	475512	AATTTATGTATAAGTTTGCTGGTTTTGTTTATT	232	168	ACTTATGATTTGTCCAAATATGAAAAACAAC	Pf3D7_07_v3-475313-475545
Pf3D7_07_v3-627351-627625	627351	627625	627382	627592	TTCTATTTTAGAAGGAAATGAAGGAGATATGAA	274	210	AGAAAGATTGTCCATTTACATAATTTGCAGA	Pf3D7_07_v3-627351-627625
Pf3D7_07_v3-717260-717493	717260	717493	717293	717461	ATCCCTCTCTATCTCATCTTCATTCTTATTAT	233	168	ATTTTATCCATTAATTTTATGATGAAGGTGTGG	Pf3D7_07_v3-717260-717493
Pf3D7_07_v3-729480-729750	729480	729750	729508	729725	AAAGAGAGGCGTTTTCTAACGAAAA	270	217	GTAAATCAAGCCATTGATTTAACTCTCC	Pf3D7_07_v3-729480-729750
Pf3D7_07_v3-1028330-1028603	1028330	1028603	1028362	1028570	TGTTGAATAATATGAATGAAAATAATCATTCGC	273	208	ACTAAAAATAACTCTTGATCTTTATCTTCGTT	Pf3D7_07_v3-1028330-1028603
Pf3D7_07_v3-1043981-1044225	1043981	1044225	1044012	1044195	ACAGATATGAGCTCCTTCTCTTTAATAACC	244	183	ATGTTAGGAACACGCTTATCATTTATCTTTT	Pf3D7_07_v3-1043981-1044225
Pf3D7_07_v3-1066661-1066903	1066661	1066903	1066694	1066879	CCCATATGCGCACAGTTTATAACA	242	185	AAAGATAAAAATGGATATTATACAATGGCTTCA	Pf3D7_07_v3-1066661-1066903
Pf3D7_07_v3-1149367-1149613	1149367	1149613	1149399	1149585	TGTATACTCTCACATATTCCCTTCAGTG	246	186	GAAATCTAGAGATGAATAATCTGGACATGTAG	Pf3D7_07_v3-1149367-1149613
Pf3D7_08_v3-102277-102527	102277	102527	102309	102500	TGTTGAAGAGTCAAGTTTTGTTCAGAA	250	191	CATTAACATATAAAGTATCAGAACTTGTCGCT	Pf3D7_08_v3-102277-102527
Pf3D7_08_v3-336421-336651	336421	336651	336454	336618	ACATATAATAATCTTGAACCCTCTTTCTCAAGT	230	164	AATATTTCCCACAATATGAATACATGAATATGA	Pf3D7_08_v3-336421-336651
Pf3D7_08_v3-399693-399961	399693	399961	399719	399934	AAAAAGATGACAATTTTGCTCTTGTGA	268	215	TTGTATTAATGAAGATGCCGATTGCT	Pf3D7_08_v3-399693-399961
Pf3D7_08_v3-412801-413062	412801	413062	412834	413029	TTTCACAATTTTCTTTCATTTCTCTTTTTAGAT	261	195	GATGATAGTTATTTTCTTGACATCATGTCAAAT	Pf3D7_08_v3-412801-413062
Pf3D7_08_v3-476232-476475	476232	476475	476265	476442	ATTTTCTTTACTTGAGTGATTAGTATTTCGAGA	243	177	AGATAATTGTGTACACACAAATATAAATGTACC	Pf3D7_08_v3-476232-476475
Pf3D7_08_v3-585331-585590	585331	585590	585364	585562	CCTTCATAGTATAACTGTTACTGGTCCT	259	198	TCATAAGGGAACCTAAATTATTAGTATAATCGT	Pf3D7_08_v3-585331-585590
Pf3D7_08_v3-585703-585949	585703	585949	585736	585916	GAAGTTATTAATTTTAAAATTGAACGTGAAACC	246	180	CTTTTAAACGATGATAACCTATATCTGCATCAT	Pf3D7_08_v3-585703-585949
Pf3D7_08_v3-585993-586266	585993	586266	586025	586233	AAACTAATGATTATAAAATATGGAGTGCTCAAG	273	208	ATTCTAATAATATTTCCACCAAAACAATGTCC	Pf3D7_08_v3-585993-586266
Pf3D7_08_v3-1056678-1056903	1056678	1056903	1056703	1056878	TGCATCATCATTGTCTAAAGCTTCG	225	175	GGCTAGTAACAGTACAGCTAGTTGT	Pf3D7_08_v3-1056678-1056903
Pf3D7_08_v3-1099719-1099977	1099719	1099977	1099751	1099944	AGCAAAATTATCACATATGTTACATTCATACAC	258	193	AGATAATTTGAAAAACGATGAAAAAGATGAAG	Pf3D7_08_v3-1099719-1099977
Pf3D7_08_v3-1176313-1176549	1176313	1176549	1176346	1176524	GGGACCTTACAACCTTTTTGTAAGC	236	178	TTGTTATATCCGTTGATATAAAAGAAGGATCAT	Pf3D7_08_v3-1176313-1176549
Pf3D7_08_v3-1313088-1313338	1313088	1313338	1313120	1313308	AATCATCAATATGTTTCACATATCTTGCAA	250	188	AGAAAAACAAATAGGTTTATGGAATAAATGGA	Pf3D7_08_v3-1313088-1313338
Pf3D7_08_v3-1314717-1314986	1314717	1314986	1314744	1314953	TGTTTATTTTTCCATTCCTTCATATTTTCTTTT	269	209	AAGTGGAACATATGAAATTCAAGAGGA	Pf3D7_08_v3-1314717-1314986
Pf3D7_08_v3-1344618-1344845	1344618	1344845	1344651	1344813	AGAACAGATGAAGTAACTACTCGATTAAATGA	227	162	AATTTTCTTATATAACCTAAGTTGATGACTTGG	Pf3D7_08_v3-1344618-1344845
Pf3D7_09_v3-82006-82236	82006	82236	82034	82203	CTTAGGTATTTTTGCATCTATTAATTTGCTTTT	230	169	TTGTGTCCGAATACTTTTTCTTTAACCA	Pf3D7_09_v3-82006-82236
Pf3D7_09_v3-163813-164052	163813	164052	163846	164021	ACCAAAAATGCTATTATTATTTTTCTGGGAA	239	175	ACCCAAAATGATAAATCTTCTTCATTTCTAAAA	Pf3D7_09_v3-163813-164052
Pf3D7_09_v3-164045-164311	164045	164311	164075	164287	GGCTTTCGTTTGACTTTACTTCTG	266	212	TTTTTGGTAATACAGCTAATAATACGGCAA	Pf3D7_09_v3-164045-164311
Pf3D7_09_v3-202854-203106	202854	203106	202887	203076	ATGTGTGATAGAGAAAGGTTCAATTGTTTA	252	189	GTAAACAATGAATAAATATTCTTGCCAATTCGA	Pf3D7_09_v3-202854-203106
Pf3D7_09_v3-270915-271160	270915	271160	270942	271136	AGATGCTATTGCGGAAAAAGACAT	245	194	CCTTCAGCTTCTTCTAATTCTTCCATT	Pf3D7_09_v3-270915-271160
Pf3D7_09_v3-516735-517007	516735	517007	516767	516980	TGGACAATAAAAACCTATGGGACATTC	272	213	ACACAAAATGGTACTTTTAAAGATTGTTTATG	Pf3D7_09_v3-516735-517007
Pf3D7_09_v3-595828-596094	595828	596094	595861	596063	AAACAAACTGAAGATTTCATTACACAATATG	266	202	TTTAGTAATGTTACATATAATATTCCACACGGT	Pf3D7_09_v3-595828-596094
Pf3D7_09_v3-685560-685825	685560	685825	685588	685792	GGGCGAAATTCTATGAATGTATTATTAATAGAA	265	204	CAAGTTCAACCGAACAAATATAATCACG	Pf3D7_09_v3-685560-685825
Pf3D7_09_v3-1015103-1015350	1015103	1015350	1015131	1015317	TGTTCCAAAGGATTGAAATATATTTGTACTTTT	247	186	GCTACCGATTGAATAGTTGAATCTTTGT	Pf3D7_09_v3-1015103-1015350
Pf3D7_09_v3-1406342-1406614	1406342	1406614	1406372	1406581	TTCACCATTTTCTATTATTATTTCATCCTCTCC	272	209	CTTTTAAATGAAGTGTCTGCTAGTACAGAT	Pf3D7_09_v3-1406342-1406614
Pf3D7_10_v3-992331-992603	992331	992603	992363	992570	TCATTCGTATGACCCATATAATCTTCATTTTTC	272	207	AACAAAATTGCCTATCATTAATGGAAAATATC	Pf3D7_10_v3-992331-992603
Pf3D7_10_v3-992596-992869	992596	992869	992622	992836	CACAAGTATCAGTATTCAATTCATTACATGAAT	273	214	ACGAATGATGCTTATAGTCAACATGG	Pf3D7_10_v3-992596-992869
Pf3D7_10_v3-1386657-1386909	1386657	1386909	1386690	1386876	AAACTTAAAAATGAGGACAAGGAAAATAATACA	252	186	TTAATAACTCCATAAGTGCTACAGTTATATAGG	Pf3D7_10_v3-1386657-1386909
Pf3D7_10_v3-1392371-1392620	1392371	1392620	1392400	1392588	TTTTTGTTCTTCTTTTACACTGTGTATTTTGG	249	188	TGATGGTGACAAAAGAGGTAAAGTAATTT	Pf3D7_10_v3-1392371-1392620
Pf3D7_10_v3-1414337-1414596	1414337	1414596	1414370	1414565	AAAGAAGTGGTTGTTAGAGAATCTTGATTTT	259	195	TTAAAGCATTATGAAGAATGGGTTAATAGAAGG	Pf3D7_10_v3-1414337-1414596
Pf3D7_10_v3-1414599-1414832	1414599	1414832	1414631	1414799	ATTTTTCTTCAGTAATAATATTTGTACCAGGAA	233	168	CAACGTCTATTAATAGTGTTAGGGATTCTAGT	Pf3D7_10_v3-1414599-1414832
Pf3D7_11_v3-115913-116184	115913	116184	115946	116151	AATAGCTTTACGTTATGATCCAGAAAATAATGA	271	205	TTCTTATATCAACCTTTTCAAGAGGAACTTTAG	Pf3D7_11_v3-115913-116184
Pf3D7_11_v3-119432-119705	119432	119705	119464	119672	AAAACTAGTGAAGGGAATATCAAAGAATATAGA	273	208	CTGTAATACTATTTTCATAAGAACTGCTTCCA	Pf3D7_11_v3-119432-119705
Pf3D7_11_v3-408285-408534	408285	408534	408317	408504	CATCCTGTGTATCATAATTTTGTTCATTCG	249	187	ACTAATGATCCATATAAAAACGCTCAAAATAT	Pf3D7_11_v3-408285-408534
Pf3D7_11_v3-408543-408771	408543	408771	408573	408747	GACATTCTTTCAATGCTTCCGAAA	228	174	AATAACTTAAATAAAAATATGGACGGCTCC	Pf3D7_11_v3-408543-408771
Pf3D7_11_v3-497277-497548	497277	497548	497307	497519	GCTGATTGAGCAAAAGTAAAAATTTCTTC	271	212	ACTAAAATAGAAAATTTCGAGCAACTTTTC	Pf3D7_11_v3-497277-497548
Pf3D7_11_v3-1006693-1006917	1006693	1006917	1006726	1006893	ACTGGATGAAAAGAATCCTCCCAA	224	167	TTTTTATATTTAAAACTGACATGACCAAAAACT	Pf3D7_11_v3-1006693-1006917
Pf3D7_11_v3-1018781-1019053	1018781	1019053	1018814	1019021	ATTTATATTTTAAAGGTGCATGCTATTTTTGT	272	207	AGGAAGTGAATATATTAGAAATGTCTGAATTTT	Pf3D7_11_v3-1018781-1019053
Pf3D7_11_v3-1019050-1019319	1019050	1019319	1019079	1019287	ATGTGAAGAAGAAAATATGATTACACATGAAT	269	208	AAATAAGAATGTCTTAACACAACAAAGGA	Pf3D7_11_v3-1019050-1019319
Pf3D7_11_v3-1127074-1127316	1127074	1127316	1127104	1127294	CGGCATTTAGCTCGATATTGGT	242	190	GTCTTCTTAAGAAAAGGAAACAAACCATTT	Pf3D7_11_v3-1127074-1127316
Pf3D7_11_v3-1293919-1294168	1293919	1294168	1293944	1294136	AATTACTTCTTTCTACTATTTCAATGCTTGAA	249	192	GGAAGAGGACAGAATTATTGGGAAC	Pf3D7_11_v3-1293919-1294168
Pf3D7_11_v3-1294664-1294910	1294664	1294910	1294691	1294888	TGTTTAGGTTGATCCGAAGCAC	246	197	GAAACAGCATGTTTTGTTTTAGACCAG	Pf3D7_11_v3-1294664-1294910
Pf3D7_11_v3-1295103-1295335	1295103	1295335	1295136	1295311	GGTCACATGGGCATTTTAAACTGT	232	175	AACATGTTTAATTAACAATTCATCATACATTGC	Pf3D7_11_v3-1295103-1295335
Pf3D7_11_v3-1295371-1295597	1295371	1295597	1295398	1295564	TCATCCATTTTATCATATTTTTCAGCATTTCCT	226	166	GTATGTAAATGTGTAGAAAGAAGGGCA	Pf3D7_11_v3-1295371-1295597
Pf3D7_11_v3-1374917-1375148	1374917	1375148	1374947	1375115	GAAAATTATTAGAAGAACATCCAAATGAAGAAG	231	168	GTACCATCAACACTATATGCAAACATTTTC	Pf3D7_11_v3-1374917-1375148
Pf3D7_11_v3-1375807-1376056	1375807	1376056	1375840	1376024	AGAAGAATTTATGGAAAGGATCTACTTAAGAA	249	184	ATTTGATACACCATTGTCTTGGATATTATTTTG	Pf3D7_11_v3-1375807-1376056
Pf3D7_11_v3-1376058-1376305	1376058	1376305	1376087	1376276	AACTGTAGAAGAGCATTCTTTAAGTAGTA	247	189	CAAAATTATTCATCATGCTATTTGTGCCA	Pf3D7_11_v3-1376058-1376305
Pf3D7_11_v3-1816152-1816378	1816152	1816378	1816179	1816346	AAACATAATTCTAATGATATTGACCTTGTGCA	226	167	ATCTTTTTCGTTGTATGTGCATAATCA	Pf3D7_11_v3-1816152-1816378
Pf3D7_11_v3-1934962-1935236	1934962	1935236	1934990	1935203	AAAAGAAAGAAAACAAAAAGCACTAAATCTTAT	274	213	ACTTTCGGTGTTTTTCTGGTATATCATT	Pf3D7_11_v3-1934962-1935236
Pf3D7_12_v3-63081-63314	63081	63314	63114	63281	AACACATTTATCTTATTTACCCGTATCTCATAT	233	167	GCTATCCACTTCTTACAACGTGATAAATTATTT	Pf3D7_12_v3-63081-63314
Pf3D7_12_v3-233418-233671	233418	233671	233446	233639	ATTCTGATGATATATGTGATGACATTTTTGAT	253	193	TCTAAATTCTGTCCCTTCACCTAAAGTT	Pf3D7_12_v3-233418-233671
Pf3D7_12_v3-529495-529767	529495	529767	529527	529735	TGTCTTGTTATCATTGGCTTTTTCATTGTATA	272	208	AATGGATTAATGTTTTCTACTTTTCCTTTAGC	Pf3D7_12_v3-529495-529767
Pf3D7_12_v3-659881-660127	659881	660127	659903	660096	GCTTTTCTTGAATCACAATCAATGAATAAGA	246	193	CATATGTTGCTGGGTCGACTTT	Pf3D7_12_v3-659881-660127
Pf3D7_12_v3-684011-684240	684011	684240	684044	684207	TTGATCCTTTATTTCTTTTGAAAACTTTTCTTG	229	163	TCAGGAATTTACCATTAATATCAATTATTGGTC	Pf3D7_12_v3-684011-684240
Pf3D7_12_v3-857050-857323	857050	857323	857083	857293	TCTTTGACATTTTTCAAAAACGACATACTG	273	210	AAAATCCTTCTTTTCCAACTGTCATATATATAC	Pf3D7_12_v3-857050-857323
Pf3D7_12_v3-1959644-1959891	1959644	1959891	1959669	1959858	TCTCAGAAATAATAGTGGAACCATAATATTGTA	247	189	AATCGGTGGCAAGGTTTACAATATT	Pf3D7_12_v3-1959644-1959891
Pf3D7_13_v3-146695-146934	146695	146934	146725	146904	ATCCATATTTATACTTCTTTCATGTGCTTC	239	179	GGTATTACTCAACCAAGAAAAATAGCTGTA	Pf3D7_13_v3-146695-146934
Pf3D7_13_v3-156456-156685	156456	156685	156487	156652	GAATGTTTTAACAATATAGGTGTGTCATATCTG	229	165	ACAGATATGGATTTTTCCATATCTATTGAAC	Pf3D7_13_v3-156456-156685
Pf3D7_13_v3-156713-156986	156713	156986	156746	156956	GAGTAACATAATTGTTCTACCTCCTAAAGC	273	210	TCAACAAAATAGATTAATGAGCAATTCTAACTT	Pf3D7_13_v3-156713-156986
Pf3D7_13_v3-388138-388408	388138	388408	388171	388378	AGTCTATAAATCAATCCAACTCAAAACAGC	270	207	TTTAAATTTTCATCCTTCATTACATCCTTTCTA	Pf3D7_13_v3-388138-388408
Pf3D7_13_v3-479569-479811	479569	479811	479602	479778	ATTTTCTCTGTCTTTCAAAATAGCTAATTCATC	242	176	ATGTTTAATATGAATGTACCTGGTGATAATATG	Pf3D7_13_v3-479569-479811
Pf3D7_13_v3-815862-816091	815862	816091	815895	816058	ATCAATAATCAAAATCATGATAACAACCAATTT	229	163	ACATTCACACAAATAGAAAAATCTTCATTTTTC	Pf3D7_13_v3-815862-816091
Pf3D7_13_v3-852647-852921	852647	852921	852680	852897	TGACTTGCACTTTTTCCATCGAAT	274	217	GCTTTCAGATTTGAAACTAATGATTTGATTGTT	Pf3D7_13_v3-852647-852921
Pf3D7_13_v3-911757-912005	911757	912005	911783	911974	ACAACCAAACCTAGTAATAGTAGAAGTAAAG	248	191	ACTACATGGGCTTCCAAATAAACATG	Pf3D7_13_v3-911757-912005
Pf3D7_13_v3-935613-935884	935613	935884	935645	935858	TCTAGAACAATACTTGCCCTTTCTCT	271	213	AAATTCAATAACATGAATGATGACTACTCCAA	Pf3D7_13_v3-935613-935884
Pf3D7_13_v3-1004740-1005002	1004740	1005002	1004773	1004969	GAAAAAGATACAAATATAACATACCCTTGGTAT	262	196	TTTAATGATGTTAATACAAAATCTGCATCTTTT	Pf3D7_13_v3-1004740-1005002
Pf3D7_13_v3-1146764-1147010	1146764	1147010	1146789	1146982	GGTTTTGTTTCAATTTTTCTTGGTGGTA	246	193	CAGCAAAGATGGAGAAACATTCTCT	Pf3D7_13_v3-1146764-1147010
Pf3D7_13_v3-1233093-1233332	1233093	1233332	1233118	1233299	GTGGTGCAAAGATATTAACGTATTTATTAGAGA	239	181	GTGTGGGTTCCTCACAAATGTTATT	Pf3D7_13_v3-1233093-1233332
Pf3D7_13_v3-1265494-1265726	1265494	1265726	1265527	1265694	TGTTTTTGAAAATAATATTCTTCCTCCCTGAT	232	167	AGTGCTAATATAATTACAAAAACATTTTCGTTC	Pf3D7_13_v3-1265494-1265726
Pf3D7_13_v3-1350855-1351093	1350855	1351093	1350888	1351062	ATCGTATGAGAGGTATGTTAGGTAAAGAAAA	238	174	ACTTTTATGTATATCGTTTCGATTTAGGTCTTC	Pf3D7_13_v3-1350855-1351093
Pf3D7_13_v3-1406713-1406975	1406713	1406975	1406746	1406947	AATGATGACAAATTGAGTGAAAATCCTG	262	201	CCATTGTTAGGATATTCTTTTGTTTCTTCTTTC	Pf3D7_13_v3-1406713-1406975
Pf3D7_13_v3-1419363-1419626	1419363	1419626	1419396	1419601	GGTAAAGGCACAAAGTGAAACAGAT	263	205	TCTTTAGAATTTAAAACGAAGTCTTCATATTCT	Pf3D7_13_v3-1419363-1419626
Pf3D7_13_v3-1465616-1465890	1465616	1465890	1465639	1465870	TGTGGTGTTTGGGACGAATG	274	231	CCTTCTTCTGGATTTGGTGAAGG	Pf3D7_13_v3-1465616-1465890
Pf3D7_13_v3-1465901-1466157	1465901	1466157	1465926	1466124	CAATTAGTTGTTATATTAACAGATGGAATTCCA	256	198	TTTTCTACTTCAACACAAACAGCCT	Pf3D7_13_v3-1465901-1466157
Pf3D7_13_v3-1876391-1876664	1876391	1876664	1876422	1876636	ATGTTTTCAAGAAGGAAAAGAAAAAGCC	273	214	ATGTGCACTATCATCAACTAAAGAAATATCT	Pf3D7_13_v3-1876391-1876664
Pf3D7_13_v3-2114242-2114482	2114242	2114482	2114272	2114454	TTGTAGTTCCACAATCATCTGGAATTTT	240	182	TCTACTGAGGCTTCATGTAAGATATCAATT	Pf3D7_13_v3-2114242-2114482
Pf3D7_13_v3-2114829-2115090	2114829	2115090	2114855	2115057	AATACTTGAAGAAAGGTTAAATACCGTATTAAA	261	202	GGATTTCGTATTTTCTGACATGGCAT	Pf3D7_13_v3-2114829-2115090
Pf3D7_13_v3-2545065-2545291	2545065	2545291	2545092	2545258	GATTAGTTGTGGAGATGATAAAACTATCAAATT	226	166	AGCTATCATTACATGCTGACACAATAT	Pf3D7_13_v3-2545065-2545291
Pf3D7_14_v3-106867-107115	106867	107115	106894	107084	ATTTTCTCTTCATTAGCTAAAGGTATACATG	248	190	CATACAACATCAACAAAAACTTCCACA	Pf3D7_14_v3-106867-107115
Pf3D7_14_v3-120101-120365	120101	120365	120134	120332	AGAAATGTACGAATTTTAAATGAAGAAAAATGT	264	198	TTCCATTTTTACATTTACATATAACTCCAACTC	Pf3D7_14_v3-120101-120365
Pf3D7_14_v3-137398-137668	137398	137668	137431	137636	ATGAAGATGAGCAATTTTGCTTATTTATATGT	270	205	TTTCTTAATTTCTTTACTACCATATTCCATTCA	Pf3D7_14_v3-137398-137668
Pf3D7_14_v3-279563-279833	279563	279833	279591	279800	AGTAATTATATTTCCCATTACTTATGGGAAGTT	270	209	CCATTACTACCAAAAACATGGAAACCTA	Pf3D7_14_v3-279563-279833
Pf3D7_14_v3-377765-378020	377765	378020	377798	377992	TTGCACAATAATGGAAAAAGAAAATGCA	255	194	ATTCTTGTAGAATATCAAAAGAAATTCGTAACA	Pf3D7_14_v3-377765-378020
Pf3D7_14_v3-407306-407542	407306	407542	407339	407509	CATCTAATACAAACATGAGTAACTTGGTTAATT	236	170	CATAAATCCGTTTTAATGTTTTCCTTTTATACC	Pf3D7_14_v3-407306-407542
Pf3D7_14_v3-421322-421547	421322	421547	421355	421514	CTTCCTTGTAATGATTCTATAGTATCAAACAAA	225	159	CCTTTTCTCGATTTTTCAGTAAATTAAATCCTT	Pf3D7_14_v3-421322-421547
Pf3D7_14_v3-771407-771633	771407	771633	771433	771601	AAAAATTAAACATGATGCCACATTTTAGTAGT	226	168	TCCCGAAAACATATCACTAGATCCAT	Pf3D7_14_v3-771407-771633
Pf3D7_14_v3-921176-921432	921176	921432	921209	921399	AAGAATAATACGAAAAATTAACCATAACCATCA	256	190	AGGATGAAAAATATAATAATTTGTGTACTTGGA	Pf3D7_14_v3-921176-921432
Pf3D7_14_v3-1038300-1038538	1038300	1038538	1038327	1038505	ATCATTGTACACAACATTTTAGATCTTATGTTA	238	178	AAAATCTTCATCAACTCTTTGGTTCGA	Pf3D7_14_v3-1038300-1038538
Pf3D7_14_v3-1166107-1166371	1166107	1166371	1166135	1166338	TTTTTGATCTTCTACAGATATGGACAAATTAGT	264	203	AGAATGGGATGGAAAATATGTATTCGAT	Pf3D7_14_v3-1166107-1166371
Pf3D7_14_v3-1392837-1393086	1392837	1393086	1392870	1393059	GCACTACGAAACAGATGTTTTGAAATT	249	189	TCTTTATATTAGTACCATGAACATCTACCCTAT	Pf3D7_14_v3-1392837-1393086
Pf3D7_14_v3-1992121-1992370	1992121	1992370	1992154	1992347	GCACTTACCACGAAAAGGGATAA	249	193	TTTTCATGAAAGGAGTATCCAATAAATGATTTA	Pf3D7_14_v3-1992121-1992370
Pf3D7_14_v3-2004362-2004606	2004362	2004606	2004395	2004574	CAGAAACTTGATGAACAATCAAAGAATATAGC	244	179	TTGCTACATATGTTTATGTGTAAAGGTTAATAT	Pf3D7_14_v3-2004362-2004606
Pf3D7_14_v3-2020604-2020849	2020604	2020849	2020637	2020823	ACATTGAATAACGCTCAGCATAGTAC	245	186	CTTGGATTTCTTAGATTCATTATTCCATTCATC	Pf3D7_14_v3-2020604-2020849
Pf3D7_14_v3-2260533-2260765	2260533	2260765	2260556	2260737	ATTGTTTGTGGAACACATACAGTATTGA	232	181	GCATATGCAACCATACCACCAAT	Pf3D7_14_v3-2260533-2260765
Pf3D7_14_v3-2355614-2355853	2355614	2355853	2355646	2355820	TGACATAATAATATCGTTTTTGGATTGTATCCA	239	174	AAAACATCATATGAAGCATATCAAGAACAATC	Pf3D7_14_v3-2355614-2355853
Pf3D7_14_v3-2695837-2696082	2695837	2696082	2695870	2696052	TAGCGATATGCAAAGAATAACATCAAATGT	245	182	AAAGAATTATTATTGTTCGTTTCGTTTGAAATT	Pf3D7_14_v3-2695837-2696082
Pf3D7_14_v3-2733345-2733593	2733345	2733593	2733378	2733564	AATTCTTATTGTAGATGAAACGGTTTTGA	248	186	GCAAAAATGAATATAGGTGGCGATATAAAAGTA	Pf3D7_14_v3-2733345-2733593
Pf3D7_14_v3-2858894-2859160	2858894	2859160	2858926	2859127	AGTTTCAATATCCATCATATCATCAACAATAAT	266	201	AATAATTATACATCTTTATTTGGACACCGTGT	Pf3D7_14_v3-2858894-2859160
Pf3D7_14_v3-3124416-3124655	3124416	3124655	3124442	3124626	CCATTTTTCCATATCCTGGTTGTTCATTA	239	184	CAAGTGAACAACGACCTGCTTATAAT	Pf3D7_14_v3-3124416-3124655
Pf3D7_14_v3-3125801-3126073	3125801	3126073	3125830	3126040	AAGACTTCTTCTTTTCAAATCTAATAAAATTGC	272	210	CAGGTTGTTGGGAATTTAACATTACAAAA	Pf3D7_14_v3-3125801-3126073
Pf3D7_14_v3-3214249-3214516	3214249	3214516	3214282	3214486	AATTTCTTATATCATCAATTGATGGTTGCC	267	204	AATCTAATTCATTTATGGAATCATACACTTGGT	Pf3D7_14_v3-3214249-3214516
PKNH_12_v2-198869-199113	198869	199113	198894	199083	ATAAAATGGTGCTTCTGAAAAGATACATCA	244	189	CTCCAATAAAGTGGAACAGACAAGA	PKNH_12_v2-198869-199113
Pf3D7_13_v3-1041593-1041860	1041593	1041860	1041625	1041829	GGTGATGCATGTAAGTTTACAATTTCTAATG	267	204	AGATTATTGGTTTAGGTGGTGTATTAGATACA	Pf3D7_13_v3-1041593-1041860
PmUG01_12_v1-1397996-1398245	1397996	1398245	1398021	1398213	ATCACAAAAATTAAATGTTTGTCCAAGAGATG	249	192	CATTTCAATAATAGCAGCAGCTGGA	PmUG01_12_v1-1397996-1398245
PocGH01_12_v1-1106456-1106697	1106456	1106697	1106483	1106671	CATGGCAATAAAATGGTTGTGTTGAA	241	188	GTGGAGCATATCAAAACCTTTTTCAAA	PocGH01_12_v1-1106456-1106697
PvP01_12_v1-1184983-1185208	1184983	1185208	1185008	1185184	AGGTACATCACAGTTGGAGGTATC	225	176	CCTCTAGTAGAGTGGAACAAACAAG	PvP01_12_v1-1184983-1185208
